D6A- 1989a unoriented drill core
   1989   0.0   0.0  90.0   0.0  19.1
NRM    008.0  87.9 008.0  87.9 3.25E-03 000.9 098.0  87.9 73.96075 56.00840 25.90886 hargrave 2026-07-20 19:27:42 
AF  10 003.4  87.3 003.4  87.3 3.13E-03 000.9 093.4  87.3 69.32096 62.72338 26.36094 hargrave 2026-07-20 19:29:17 
AF  20 336.3  86.6 336.3  86.6 2.85E-03 000.8 066.3  86.6 50.40220 56.30301 25.69587 hargrave 2026-07-20 19:30:52 
AF  30 346.5  85.8 346.5  85.8 2.50E-03 000.9 076.5  85.8 51.89334 51.71508 20.78561 hargrave 2026-07-20 19:32:28 
AF  40 335.0  84.6 335.0  84.6 2.18E-03 000.9 065.0  84.6 49.85420 47.89487 18.57860 hargrave 2026-07-20 19:34:03 
AF  50 327.9  83.0 327.9  83.0 1.86E-03 001.0 057.9  83.0 45.63307 41.47995 16.73483 hargrave 2026-07-20 19:35:38 
AF  75 317.0  77.2 317.0  77.2 1.18E-03 001.0 047.0  77.2 30.90174 27.27519 12.11284 hargrave 2026-07-20 19:37:13 
AF 100 311.9  70.1 311.9  70.1 7.88E-04 000.9 041.9  70.1 17.91587 17.92361 9.072757 hargrave 2026-07-20 19:38:48 
AF 125 309.7  62.8 309.7  62.8 5.74E-04 001.0 039.7  62.8 13.91658 13.75155 7.719848 hargrave 2026-07-20 19:40:24 
AF 150 307.4  56.5 307.4  56.5 4.49E-04 000.9 037.4  56.5 8.337545 10.01001 6.532341 hargrave 2026-07-20 19:41:59 
AF 175 306.3  51.2 306.3  51.2 3.75E-04 000.9 036.3  51.2 7.890997 7.904061 5.807849 hargrave 2026-07-20 19:43:34 
AF 200 305.2  47.3 305.2  47.3 3.24E-04 000.9 035.2  47.3 6.342481 6.345883 4.913445 hargrave 2026-07-20 19:45:09 
AF 225 303.9  44.3 303.9  44.3 2.85E-04 000.9 033.9  44.3 5.881574 5.552129 4.894314 hargrave 2026-07-20 19:46:44 
AF 250 301.2  41.8 301.2  41.8 2.59E-04 000.8 031.2  41.8 4.395393 4.510099 4.021354 hargrave 2026-07-20 19:49:14 
AF 275 301.1  40.3 301.1  40.3 2.36E-04 000.8 031.1  40.3 4.343951 4.252271 3.802114 hargrave 2026-07-20 19:50:50 
AF 300 298.5  38.5 298.5  38.5 2.17E-04 000.9 028.5  38.5 3.760918 3.798144 4.285233 hargrave 2026-07-20 19:53:20 
AF 350 297.5  38.2 297.5  38.2 1.93E-04 000.7 027.5  38.2 2.883916 2.975225 2.754492 hargrave 2026-07-20 19:54:55 
AF 400 298.6  35.0 298.6  35.0 1.73E-04 000.7 028.6  35.0 2.600477 2.485635 2.600456 hargrave 2026-07-20 19:56:30 
AF 450 296.7  34.3 296.7  34.3 1.53E-04 000.7 026.7  34.3 2.286488 2.207617 2.321437 hargrave 2026-07-20 19:58:05 
AF 500 298.8  34.4 298.8  34.4 1.41E-04 000.7 028.8  34.4 2.089607 1.982235 2.041423 hargrave 2026-07-20 19:59:40 
AF 550 298.1  34.3 298.1  34.3 1.26E-04 000.7 028.1  34.3 1.895901 1.815026 1.828257 hargrave 2026-07-20 20:01:15 
AF 600 295.8  35.1 295.8  35.1 1.10E-04 000.8 025.8  35.1 1.868934 1.611872 1.861625 hargrave 2026-07-20 20:02:50 
AF 650 297.0  35.9 297.0  35.9 1.01E-04 000.7 027.0  35.9 1.617261 1.408931 1.543731 hargrave 2026-07-20 20:04:25 
AF 700 297.4  35.8 297.4  35.8 9.33E-05 000.8 027.4  35.8 1.536578 1.204882 1.540984 hargrave 2026-07-20 20:06:00 
AF 750 297.3  36.7 297.3  36.7 8.40E-05 000.8 027.3  36.7 1.397449 1.011579 1.386636 hargrave 2026-07-20 20:08:30 
AF 800 298.7  35.8 298.7  35.8 7.58E-05 000.7 028.7  35.8 1.193496 0.881199 1.253650 hargrave 2026-07-20 20:10:05 
AF 850 298.9  39.2 298.9  39.2 6.81E-05 000.8 028.9  39.2 1.102402 0.795362 1.217856 hargrave 2026-07-20 20:11:41 
AF 900 291.2  40.6 291.2  40.6 5.49E-05 000.8 021.2  40.6 0.921589 0.619904 1.106079 hargrave 2026-07-20 20:13:17 
AF 950 303.6  38.9 303.6  38.9 5.35E-05 000.7 033.6  38.9 0.778685 0.541336 0.909634 hargrave 2026-07-20 20:14:52 
AF1000 302.3  38.9 302.3  38.9 4.80E-05 000.8 032.3  38.9 0.760032 0.429530 1.017148 hargrave 2026-07-20 20:16:28 
AF1050 309.6  37.6 309.6  37.6 3.90E-05 000.8 039.6  37.6 0.562225 0.240452 0.939746 hargrave 2026-07-20 20:18:04 
AF1100 306.1  39.5 306.1  39.5 3.75E-05 000.8 036.1  39.5 0.526947 0.214783 0.830731 hargrave 2026-07-20 20:19:40 
AF1150 307.4  38.1 307.4  38.1 3.35E-05 000.9 037.4  38.1 0.312304 0.360511 0.905444 hargrave 2026-07-20 20:21:16 
AF1200 306.2  42.2 306.2  42.2 2.54E-05 000.9 036.2  42.2 0.356973 0.205346 0.734630 hargrave 2026-07-20 20:22:53 
AF1250 319.0  37.3 319.0  37.3 2.48E-05 000.9 049.0  37.3 0.231740 0.357717 0.698197 hargrave 2026-07-20 20:26:20 
AF1300 317.1  37.6 317.1  37.6 2.22E-05 000.9 047.1  37.6 0.285682 0.431804 0.629417 hargrave 2026-07-20 20:29:48 
