D6A- 1789a unoriented drill core
   1789   0.0   0.0  90.0   0.0  28.0
NRM    124.6  65.5 124.6  65.5 5.96E-04 000.4 214.6  65.5 7.042121 9.115366 4.895086 hargrave 2026-07-21 01:27:16 
AF  10 124.0  64.5 124.0  64.5 5.82E-04 000.4 214.0  64.5 6.712339 8.868815 4.808830 hargrave 2026-07-21 01:30:43 
AF  20 122.8  62.4 122.8  62.4 5.49E-04 000.4 212.8  62.4 6.052661 8.227164 4.569571 hargrave 2026-07-21 01:34:10 
AF  30 121.5  59.6 121.5  59.6 5.09E-04 000.3 211.5  59.6 5.314572 7.507353 4.307867 hargrave 2026-07-21 01:37:37 
AF  40 120.0  56.7 120.0  56.7 4.75E-04 000.3 210.0  56.7 4.506847 6.540051 4.270776 hargrave 2026-07-21 01:41:05 
AF  50 118.7  53.3 118.7  53.3 4.40E-04 000.3 208.7  53.3 4.008841 6.102765 3.951893 hargrave 2026-07-21 01:44:31 
AF  75 115.5  44.4 115.5  44.4 3.71E-04 000.3 205.5  44.4 2.712213 4.467523 3.078171 hargrave 2026-07-21 01:47:58 
AF 100 113.5  36.8 113.5  36.8 3.29E-04 000.3 203.5  36.8 2.093218 3.924359 2.484972 hargrave 2026-07-21 01:51:26 
AF 125 112.3  31.0 112.3  31.0 2.99E-04 000.3 202.3  31.0 1.675576 3.356711 2.068057 hargrave 2026-07-21 01:54:52 
AF 150 111.8  26.6 111.8  26.6 2.77E-04 000.3 201.8  26.6 1.391467 2.941241 1.745541 hargrave 2026-07-21 01:58:20 
AF 175 111.7  23.2 111.7  23.2 2.60E-04 000.2 201.7  23.2 1.126252 2.439060 1.493757 hargrave 2026-07-21 02:01:47 
AF 200 111.7  20.5 111.7  20.5 2.44E-04 000.2 201.7  20.5 1.047661 2.392698 1.260204 hargrave 2026-07-21 02:05:14 
AF 225 111.6  18.1 111.6  18.1 2.30E-04 000.2 201.6  18.1 0.921890 2.090861 1.088103 hargrave 2026-07-21 02:08:41 
AF 250 111.8  16.3 111.8  16.3 2.19E-04 000.2 201.8  16.3 0.815596 1.912664 1.026685 hargrave 2026-07-21 02:12:08 
AF 275 112.1  15.0 112.1  15.0 2.08E-04 000.2 202.1  15.0 0.743723 1.716167 0.933345 hargrave 2026-07-21 02:15:35 
AF 300 112.0  13.5 112.0  13.5 1.99E-04 000.2 202.0  13.5 0.884976 1.811695 0.819635 hargrave 2026-07-21 02:19:01 
AF 350 111.8  11.8 111.8  11.8 1.82E-04 000.2 201.8  11.8 0.496572 1.351507 0.777605 hargrave 2026-07-21 02:22:29 
AF 400 112.5  10.6 112.5  10.6 1.69E-04 000.2 202.5  10.6 0.521453 1.386184 0.765732 hargrave 2026-07-21 02:25:56 
AF 450 112.3  09.6 112.3  09.6 1.57E-04 000.2 202.3  09.6 0.419351 1.113252 0.782470 hargrave 2026-07-21 02:29:23 
AF 500 113.0  08.8 113.0  08.8 1.47E-04 000.2 203.0  08.8 0.453296 1.179044 0.715387 hargrave 2026-07-21 02:32:50 
AF 550 111.9  08.5 111.9  08.5 1.37E-04 000.2 201.9  08.5 0.384424 0.950655 0.675700 hargrave 2026-07-21 02:36:17 
AF 600 112.4  07.9 112.4  07.9 1.28E-04 000.2 202.4  07.9 0.363278 0.932625 0.676700 hargrave 2026-07-21 02:39:44 
AF 650 112.4  07.6 112.4  07.6 1.20E-04 000.2 202.4  07.6 0.351398 0.974792 0.659092 hargrave 2026-07-21 02:43:12 
AF 700 112.1  07.3 112.1  07.3 1.13E-04 000.2 202.1  07.3 0.291156 0.863119 0.646298 hargrave 2026-07-21 02:46:39 
AF 750 112.8  07.1 112.8  07.1 1.06E-04 000.2 202.8  07.1 0.281997 0.811387 0.643972 hargrave 2026-07-21 02:50:06 
AF 800 111.2  07.1 111.2  07.1 9.90E-05 000.2 201.2  07.1 0.246794 0.884613 0.567908 hargrave 2026-07-21 02:53:33 
AF 850 111.5  06.8 111.5  06.8 9.29E-05 000.2 201.5  06.8 0.229666 0.879727 0.591875 hargrave 2026-07-21 02:57:00 
AF 900 110.7  07.3 110.7  07.3 8.61E-05 000.2 200.7  07.3 0.293637 0.851073 0.600503 hargrave 2026-07-21 03:00:27 
AF 950 109.2  06.7 109.2  06.7 7.97E-05 000.2 199.2  06.7 0.194708 0.849226 0.486262 hargrave 2026-07-21 03:03:55 
AF1000 108.7  06.4 108.7  06.4 7.41E-05 000.2 198.7  06.4 0.156534 0.782359 0.482410 hargrave 2026-07-21 03:07:22 
AF1050 108.1  06.8 108.1  06.8 6.88E-05 000.3 198.1  06.8 0.259460 0.824517 0.505514 hargrave 2026-07-21 03:10:50 
AF1100 108.5  06.5 108.5  06.5 6.36E-05 000.3 198.5  06.5 0.207875 0.908445 0.521067 hargrave 2026-07-21 03:14:19 
AF1150 105.0  06.6 105.0  06.6 5.68E-05 000.3 195.0  06.6 0.198601 0.800983 0.465805 hargrave 2026-07-21 03:17:48 
AF1200 105.8  08.0 105.8  08.0 5.29E-05 000.4 195.8  08.0 0.177702 0.864801 0.461906 hargrave 2026-07-21 03:21:16 
AF1250 105.8  07.8 105.8  07.8 4.89E-05 000.4 195.8  07.8 0.234479 0.881489 0.489658 hargrave 2026-07-21 03:24:45 
AF1300 104.2  08.4 104.2  08.4 4.40E-05 000.4 194.2  08.4 0.270135 0.846975 0.514045 hargrave 2026-07-21 03:27:18 
