D6A- 1806a unoriented drill core
   1806  90.0   0.0  90.0   0.0  24.0
NRM    075.1 -74.9 075.1 -74.9 5.57E-04 000.4 165.1 -74.9 7.147104 6.054326 5.563869 hargrave 2026-07-20 23:22:58 
AF  10 077.2 -74.3 077.2 -74.3 5.42E-04 000.4 167.2 -74.3 7.002740 5.887112 5.512830 hargrave 2026-07-20 23:26:26 
AF  20 080.3 -73.0 080.3 -73.0 5.03E-04 000.4 170.3 -73.0 6.647952 5.498942 5.314718 hargrave 2026-07-20 23:29:54 
AF  30 082.7 -71.4 082.7 -71.4 4.55E-04 000.5 172.7 -71.4 6.170475 5.057428 5.039357 hargrave 2026-07-20 23:33:21 
AF  40 084.8 -69.8 084.8 -69.8 4.12E-04 000.5 174.8 -69.8 5.677148 4.647232 4.774274 hargrave 2026-07-20 23:36:48 
AF  50 086.1 -67.9 086.1 -67.9 3.69E-04 000.5 176.1 -67.9 5.123722 4.075249 4.475856 hargrave 2026-07-20 23:40:16 
AF  75 088.8 -63.1 088.8 -63.1 2.87E-04 000.5 178.8 -63.1 3.987313 3.245960 3.867851 hargrave 2026-07-20 23:43:43 
AF 100 090.0 -58.6 090.0 -58.6 2.38E-04 000.5 180.0 -58.6 3.298008 2.659117 3.519134 hargrave 2026-07-20 23:47:11 
AF 125 091.2 -55.3 091.2 -55.3 2.09E-04 000.5 181.2 -55.3 2.868234 2.299350 3.308462 hargrave 2026-07-20 23:50:38 
AF 150 091.4 -52.8 091.4 -52.8 1.91E-04 000.6 181.4 -52.8 2.588798 2.068425 3.119858 hargrave 2026-07-20 23:54:06 
AF 175 091.5 -50.7 091.5 -50.7 1.78E-04 000.6 181.5 -50.7 2.343092 1.895148 2.979136 hargrave 2026-07-20 23:57:33 
AF 200 091.6 -49.2 091.6 -49.2 1.69E-04 000.6 181.6 -49.2 2.202667 1.765838 2.864518 hargrave 2026-07-21 00:01:01 
AF 225 091.4 -48.2 091.4 -48.2 1.61E-04 000.5 181.4 -48.2 2.092441 1.659305 2.744374 hargrave 2026-07-21 00:04:29 
AF 250 091.3 -47.6 091.3 -47.6 1.54E-04 000.6 181.3 -47.6 2.015966 1.625468 2.666808 hargrave 2026-07-21 00:07:57 
AF 275 091.6 -46.6 091.6 -46.6 1.48E-04 000.5 181.6 -46.6 1.913716 1.452901 2.615505 hargrave 2026-07-21 00:11:24 
AF 300 091.5 -46.4 091.5 -46.4 1.41E-04 000.6 181.5 -46.4 1.859393 1.490236 2.515797 hargrave 2026-07-21 00:14:52 
AF 350 092.0 -45.3 092.0 -45.3 1.34E-04 000.6 182.0 -45.3 2.442990 1.384785 2.404127 hargrave 2026-07-21 00:18:19 
AF 400 092.2 -45.2 092.2 -45.2 1.27E-04 000.6 182.2 -45.2 1.672153 1.356771 2.331141 hargrave 2026-07-21 00:21:46 
AF 450 092.1 -45.3 092.1 -45.3 1.22E-04 000.5 182.1 -45.3 1.597417 1.291004 2.189371 hargrave 2026-07-21 00:25:13 
AF 500 090.7 -45.6 090.7 -45.6 1.15E-04 000.6 180.7 -45.6 1.575939 1.310269 2.085211 hargrave 2026-07-21 00:28:41 
AF 550 091.9 -45.4 091.9 -45.4 1.09E-04 000.6 181.9 -45.4 1.472116 1.200074 2.307716 hargrave 2026-07-21 00:32:07 
AF 600 091.4 -46.6 091.4 -46.6 1.04E-04 000.6 181.4 -46.6 1.443581 1.196553 2.008042 hargrave 2026-07-21 00:35:35 
AF 650 090.5 -46.2 090.5 -46.2 1.00E-04 000.6 180.5 -46.2 1.446006 1.273500 1.931797 hargrave 2026-07-21 00:39:01 
AF 700 090.2 -47.5 090.2 -47.5 9.47E-05 000.6 180.2 -47.5 1.440694 1.273139 1.836441 hargrave 2026-07-21 00:42:28 
AF 750 091.6 -48.0 091.6 -48.0 8.91E-05 000.6 181.6 -48.0 1.435615 1.157989 1.807934 hargrave 2026-07-21 00:45:54 
AF 800 088.9 -49.6 088.9 -49.6 8.49E-05 000.6 178.9 -49.6 1.361717 1.199559 1.757728 hargrave 2026-07-21 00:49:20 
AF 850 089.1 -50.6 089.1 -50.6 7.96E-05 000.7 179.1 -50.6 1.369396 1.171050 1.743259 hargrave 2026-07-21 00:52:46 
AF 900 087.4 -50.8 087.4 -50.8 7.39E-05 000.7 177.4 -50.8 1.319379 1.172581 1.638425 hargrave 2026-07-21 00:56:12 
AF 950 084.8 -52.7 084.8 -52.7 6.85E-05 000.8 174.8 -52.7 1.353543 1.210172 1.635869 hargrave 2026-07-21 00:59:38 
AF1000 084.1 -53.4 084.1 -53.4 6.40E-05 000.8 174.1 -53.4 1.252392 1.106466 1.559417 hargrave 2026-07-21 01:03:04 
AF1050 081.7 -55.2 081.7 -55.2 5.83E-05 000.8 171.7 -55.2 1.268262 1.127704 1.521072 hargrave 2026-07-21 01:06:30 
AF1100 080.8 -57.7 080.8 -57.7 5.34E-05 000.9 170.8 -57.7 1.214947 1.117914 1.520119 hargrave 2026-07-21 01:09:56 
AF1150 077.9 -58.8 077.9 -58.8 4.91E-05 000.9 167.9 -58.8 1.172374 1.042265 1.526929 hargrave 2026-07-21 01:13:22 
AF1200 072.3 -61.0 072.3 -61.0 4.48E-05 001.0 162.3 -61.0 1.120581 0.997674 1.430308 hargrave 2026-07-21 01:16:49 
AF1250 066.3 -63.1 066.3 -63.1 4.04E-05 001.1 156.3 -63.1 1.162023 1.006301 1.447529 hargrave 2026-07-21 01:20:15 
AF1300 063.8 -65.4 063.8 -65.4 3.73E-05 001.2 153.8 -65.4 1.118478 0.962745 1.421747 hargrave 2026-07-21 01:23:44 
