D6A- 1762a unoriented drill core
   1762   0.0   0.0  90.0   0.0  25.1
NRM    254.6 -87.1 254.6 -87.1 8.79E-04 000.5 344.6 -87.1 12.28385 13.11086 6.835545 hargrave 2026-07-21 05:25:58 
AF  10 252.8 -86.3 252.8 -86.3 8.06E-04 000.5 342.8 -86.3 11.61819 12.54287 7.014894 hargrave 2026-07-21 05:27:33 
AF  20 254.2 -84.6 254.2 -84.6 6.79E-04 000.5 344.2 -84.6 10.51304 11.67111 7.208927 hargrave 2026-07-21 05:29:08 
AF  30 255.7 -82.3 255.7 -82.3 5.52E-04 000.6 345.7 -82.3 9.392867 10.70542 7.263813 hargrave 2026-07-21 05:30:43 
AF  40 256.9 -80.2 256.9 -80.2 4.65E-04 000.6 346.9 -80.2 8.450243 9.736232 7.016614 hargrave 2026-07-21 05:32:18 
AF  50 258.1 -77.9 258.1 -77.9 3.93E-04 000.7 348.1 -77.9 7.691140 8.865310 6.746940 hargrave 2026-07-21 05:33:53 
AF  75 259.5 -74.1 259.5 -74.1 2.93E-04 000.7 349.5 -74.1 6.146214 7.094263 5.685727 hargrave 2026-07-21 05:35:28 
AF 100 260.5 -72.3 260.5 -72.3 2.47E-04 000.7 350.5 -72.3 5.318080 6.097673 4.928791 hargrave 2026-07-21 05:37:03 
AF 125 261.6 -71.4 261.6 -71.4 2.18E-04 000.7 351.6 -71.4 4.608546 5.371071 4.230036 hargrave 2026-07-21 05:38:38 
AF 150 262.6 -70.9 262.6 -70.9 1.98E-04 000.7 352.6 -70.9 4.092146 4.823132 3.714148 hargrave 2026-07-21 05:40:13 
AF 175 263.1 -70.7 263.1 -70.7 1.80E-04 000.7 353.1 -70.7 3.684146 4.424506 3.272801 hargrave 2026-07-21 05:41:48 
AF 200 265.3 -70.9 265.3 -70.9 1.65E-04 000.7 355.3 -70.9 3.318038 4.056070 2.873066 hargrave 2026-07-21 05:43:23 
AF 225 265.2 -70.5 265.2 -70.5 1.53E-04 000.7 355.2 -70.5 3.099795 3.795428 2.576618 hargrave 2026-07-21 05:44:59 
AF 250 265.3 -71.1 265.3 -71.1 1.41E-04 000.7 355.3 -71.1 2.799870 3.480542 2.281122 hargrave 2026-07-21 05:46:34 
AF 275 268.3 -71.1 268.3 -71.1 1.33E-04 000.7 358.3 -71.1 2.500844 3.217587 2.084053 hargrave 2026-07-21 05:48:09 
AF 300 268.2 -71.5 268.2 -71.5 1.25E-04 000.7 358.2 -71.5 2.333850 3.019073 1.907635 hargrave 2026-07-21 05:49:45 
AF 350 270.5 -72.3 270.5 -72.3 1.11E-04 000.7 000.5 -72.3 2.080520 2.726857 1.673613 hargrave 2026-07-21 05:51:20 
AF 400 273.1 -73.1 273.1 -73.1 1.02E-04 000.7 003.1 -73.1 1.827466 2.462762 1.481800 hargrave 2026-07-21 05:52:55 
AF 450 275.9 -73.4 275.9 -73.4 9.29E-05 000.7 005.9 -73.4 1.621975 2.210234 1.369139 hargrave 2026-07-21 05:54:31 
AF 500 273.6 -74.6 273.6 -74.6 8.63E-05 000.7 003.6 -74.6 1.432461 2.029905 1.233080 hargrave 2026-07-21 05:56:06 
AF 550 280.4 -75.0 280.4 -75.0 8.17E-05 000.6 010.4 -75.0 1.341622 1.869479 1.104253 hargrave 2026-07-21 05:57:42 
AF 600 286.2 -74.9 286.2 -74.9 7.50E-05 000.6 016.2 -74.9 1.261412 1.756199 0.962416 hargrave 2026-07-21 05:59:18 
AF 650 288.3 -75.0 288.3 -75.0 6.99E-05 000.6 018.3 -75.0 1.140108 1.620342 0.929353 hargrave 2026-07-21 06:00:53 
AF 700 287.6 -75.7 287.6 -75.7 6.56E-05 000.6 017.6 -75.7 1.068355 1.510507 0.824948 hargrave 2026-07-21 06:02:29 
AF 750 289.7 -74.5 289.7 -74.5 5.98E-05 001.6 019.7 -74.5 2.441186 3.529487 0.736727 hargrave 2026-07-21 06:05:56 
AF 800 292.9 -73.9 292.9 -73.9 5.26E-05 000.6 022.9 -73.9 0.926717 1.253581 0.671443 hargrave 2026-07-21 06:09:24 
AF 850 298.7 -73.5 298.7 -73.5 4.78E-05 000.6 028.7 -73.5 0.804676 1.084916 0.572470 hargrave 2026-07-21 06:12:52 
AF 900 296.2 -71.7 296.2 -71.7 4.25E-05 000.6 026.2 -71.7 0.747619 1.007773 0.506240 hargrave 2026-07-21 06:16:20 
AF 950 289.7 -69.4 289.7 -69.4 3.60E-05 000.6 019.7 -69.4 0.668950 0.866951 0.430069 hargrave 2026-07-21 06:19:48 
AF1000 288.7 -68.6 288.7 -68.6 2.96E-05 000.7 018.7 -68.6 0.606782 0.752073 0.363383 hargrave 2026-07-21 06:23:16 
AF1050 287.5 -64.6 287.5 -64.6 2.42E-05 000.7 017.5 -64.6 0.546957 0.639639 0.352297 hargrave 2026-07-21 06:26:44 
AF1100 288.6 -54.8 288.6 -54.8 1.91E-05 000.7 018.6 -54.8 0.447835 0.534843 0.332647 hargrave 2026-07-21 06:30:14 
AF1150 289.2 -46.8 289.2 -46.8 1.52E-05 000.6 019.2 -46.8 0.352922 0.389221 0.324829 hargrave 2026-07-21 06:33:42 
AF1200 289.7 -26.8 289.7 -26.8 1.32E-05 000.6 019.7 -26.8 0.350336 0.282566 0.325812 hargrave 2026-07-21 06:37:12 
AF1250 294.7 -18.3 294.7 -18.3 1.20E-05 000.6 024.7 -18.3 0.313861 0.232562 0.301289 hargrave 2026-07-21 06:40:41 
AF1300 288.8  02.3 288.8  02.3 1.24E-05 000.8 018.8  02.3 0.282395 0.199575 0.336807 hargrave 2026-07-21 06:44:11 
