D6A- 2009a unoriented drill core
   2009   0.0   0.0  90.0   0.0  23.1
NRM    060.5  76.4 060.5  76.4 4.56E-03 001.0 150.5  76.4 123.9161 142.2881 58.85088 hargrave 2026-07-20 16:38:22 
AF  10 063.8  75.7 063.8  75.7 4.48E-03 000.9 153.8  75.7 125.6039 131.4587 61.13064 hargrave 2026-07-20 16:39:58 
AF  20 067.0  74.6 067.0  74.6 4.19E-03 000.9 157.0  74.6 114.0986 121.0367 59.04873 hargrave 2026-07-20 16:41:33 
AF  30 069.1  73.6 069.1  73.6 3.84E-03 000.9 159.1  73.6 100.5423 107.5307 62.10104 hargrave 2026-07-20 16:43:09 
AF  40 070.8  72.9 070.8  72.9 3.53E-03 000.9 160.8  72.9 88.06499 94.75947 38.20150 hargrave 2026-07-20 16:44:44 
AF  50 071.9  72.4 071.9  72.4 3.26E-03 000.8 161.9  72.4 75.11355 82.23567 32.79776 hargrave 2026-07-20 16:46:19 
AF  75 074.2  73.4 074.2  73.4 2.90E-03 000.6 164.2  73.4 49.05148 55.39071 31.57225 hargrave 2026-07-20 16:47:54 
AF 100 075.0  69.9 075.0  69.9 1.98E-03 000.6 165.0  69.9 32.61605 38.18693 22.13413 hargrave 2026-07-20 16:49:29 
AF 125 076.1  66.4 076.1  66.4 1.40E-03 000.6 166.1  66.4 23.08827 27.46137 15.39964 hargrave 2026-07-20 16:51:05 
AF 150 077.0  63.2 077.0  63.2 1.02E-03 000.6 167.0  63.2 16.04805 20.20511 10.97099 hargrave 2026-07-20 16:52:40 
AF 175 078.1  59.9 078.1  59.9 7.76E-04 000.6 168.1  59.9 12.63419 16.08863 7.868723 hargrave 2026-07-20 16:56:08 
AF 200 077.5  57.4 077.5  57.4 6.06E-04 000.6 167.5  57.4 9.807027 12.46595 5.932385 hargrave 2026-07-20 16:59:35 
AF 225 077.6  55.1 077.6  55.1 4.81E-04 000.6 167.6  55.1 7.842904 10.05454 4.336024 hargrave 2026-07-20 17:03:02 
AF 250 077.6  53.1 077.6  53.1 3.95E-04 000.6 167.6  53.1 6.519775 8.312682 3.271626 hargrave 2026-07-20 17:06:30 
AF 275 077.7  51.1 077.7  51.1 3.32E-04 000.6 167.7  51.1 5.428819 6.986591 2.594159 hargrave 2026-07-20 17:09:57 
AF 300 078.2  49.6 078.2  49.6 2.81E-04 000.6 168.2  49.6 4.656423 5.955366 1.992100 hargrave 2026-07-20 17:13:34 
AF 350 080.3  46.8 080.3  46.8 2.21E-04 000.6 170.3  46.8 4.374431 4.956623 1.281485 hargrave 2026-07-20 17:17:01 
AF 400 082.4  45.2 082.4  45.2 1.79E-04 000.6 172.4  45.2 2.829138 3.668771 0.941168 hargrave 2026-07-20 17:20:29 
AF 450 078.9  43.5 078.9  43.5 1.49E-04 000.6 168.9  43.5 2.552232 3.225561 0.677653 hargrave 2026-07-20 17:23:56 
AF 500 081.7  44.7 081.7  44.7 1.28E-04 000.6 171.7  44.7 2.200703 2.766805 0.442848 hargrave 2026-07-20 17:27:24 
AF 550 079.1  41.9 079.1  41.9 1.16E-04 000.6 169.1  41.9 2.018146 2.500408 0.305884 hargrave 2026-07-20 17:29:55 
AF 600 082.6  41.0 082.6  41.0 1.06E-04 000.7 172.6  41.0 1.984929 2.434347 0.377694 hargrave 2026-07-20 17:31:30 
AF 650 083.8  40.1 083.8  40.1 9.37E-05 000.7 173.8  40.1 1.789426 2.168535 0.453467 hargrave 2026-07-20 17:33:05 
AF 700 085.3  37.9 085.3  37.9 8.96E-05 000.6 175.3  37.9 1.570346 1.931653 0.362145 hargrave 2026-07-20 17:34:40 
AF 750 079.9  37.4 079.9  37.4 8.40E-05 000.6 169.9  37.4 1.487122 1.812912 0.214013 hargrave 2026-07-20 17:36:15 
AF 800 083.7  38.6 083.7  38.6 7.99E-05 000.7 173.7  38.6 1.529033 1.857912 0.396649 hargrave 2026-07-20 17:37:51 
AF 850 083.7  36.4 083.7  36.4 7.32E-05 000.6 173.7  36.4 1.136138 1.549088 0.315057 hargrave 2026-07-20 17:39:26 
AF 900 080.8  35.9 080.8  35.9 7.10E-05 000.7 170.8  35.9 1.261899 1.606233 0.475283 hargrave 2026-07-20 17:41:02 
AF 950 089.5  36.2 089.5  36.2 6.49E-05 000.7 179.5  36.2 1.147840 1.545231 0.355558 hargrave 2026-07-20 17:42:38 
AF1000 088.9  31.8 088.9  31.8 6.46E-05 000.7 178.9  31.8 1.132433 1.607108 0.446238 hargrave 2026-07-20 17:44:14 
AF1050 087.5  27.8 087.5  27.8 6.25E-05 000.7 177.5  27.8 0.989548 1.452547 0.430585 hargrave 2026-07-20 17:45:49 
AF1100 085.5  27.9 085.5  27.9 6.16E-05 000.7 175.5  27.9 1.086016 1.502139 0.301909 hargrave 2026-07-20 17:47:26 
AF1150 084.1  28.7 084.1  28.7 5.87E-05 000.7 174.1  28.7 1.055350 1.493959 0.358132 hargrave 2026-07-20 17:49:02 
AF1200 093.5  25.4 093.5  25.4 5.42E-05 000.7 183.5  25.4 0.859363 1.351537 0.473238 hargrave 2026-07-20 17:50:39 
AF1250 088.5  28.8 088.5  28.8 5.30E-05 000.8 178.5  28.8 1.001693 1.415135 0.448699 hargrave 2026-07-20 17:52:16 
AF1300 086.3  23.5 086.3  23.5 5.32E-05 000.7 176.3  23.5 0.897472 1.340962 0.383481 hargrave 2026-07-20 17:53:53 
