D6A- 1913a unoriented drill core
   1913  90.0   0.0  90.0   0.0  26.0
NRM    323.2  86.1 323.2  86.1 2.16E-03 000.8 053.2  86.1 44.76695 56.71625 68.16215 hargrave 2026-07-20 22:23:01 
AF  10 326.9  85.9 326.9  85.9 2.09E-03 000.8 056.9  85.9 43.12389 54.68337 66.05095 hargrave 2026-07-20 22:24:36 
AF  20 330.7  85.3 330.7  85.3 1.92E-03 000.8 060.7  85.3 39.26176 50.07662 61.76594 hargrave 2026-07-20 22:26:11 
AF  30 332.1  84.2 332.1  84.2 1.70E-03 000.7 062.1  84.2 34.62737 43.64623 56.88846 hargrave 2026-07-20 22:27:46 
AF  40 331.9  83.2 331.9  83.2 1.52E-03 000.7 061.9  83.2 30.10497 38.64448 51.66295 hargrave 2026-07-20 22:29:21 
AF  50 330.8  82.1 330.8  82.1 1.33E-03 000.7 060.8  82.1 26.15799 33.72199 46.09132 hargrave 2026-07-20 22:30:55 
AF  75 326.5  79.2 326.5  79.2 9.79E-04 000.7 056.5  79.2 17.82773 22.97220 36.22080 hargrave 2026-07-20 22:32:31 
AF 100 322.5  76.9 322.5  76.9 7.74E-04 000.7 052.5  76.9 12.97004 16.88912 29.68735 hargrave 2026-07-20 22:34:06 
AF 125 319.8  74.6 319.8  74.6 6.39E-04 000.7 049.8  74.6 9.718932 12.81081 24.85583 hargrave 2026-07-20 22:35:40 
AF 150 316.7  72.7 316.7  72.7 5.42E-04 000.7 046.7  72.7 7.599349 10.09418 21.41731 hargrave 2026-07-20 22:37:15 
AF 175 313.6  71.0 313.6  71.0 4.61E-04 000.6 043.6  71.0 5.873018 7.807196 18.19532 hargrave 2026-07-20 22:38:50 
AF 200 308.4  70.1 308.4  70.1 3.93E-04 000.6 038.4  70.1 4.515016 6.051583 15.46700 hargrave 2026-07-20 22:40:24 
AF 225 303.8  68.3 303.8  68.3 3.33E-04 000.5 033.8  68.3 3.411844 4.683256 13.28903 hargrave 2026-07-20 22:41:59 
AF 250 297.9  67.6 297.9  67.6 2.82E-04 000.5 027.9  67.6 2.792127 4.005897 11.58054 hargrave 2026-07-20 22:43:34 
AF 275 289.6  66.4 289.6  66.4 2.40E-04 000.5 019.6  66.4 2.490657 3.645201 10.37823 hargrave 2026-07-20 22:45:09 
AF 300 280.2  65.8 280.2  65.8 2.06E-04 000.5 010.2  65.8 2.604325 3.908814 9.598485 hargrave 2026-07-20 22:46:43 
AF 350 262.9  60.5 262.9  60.5 1.65E-04 000.8 352.9  60.5 3.060816 4.433663 8.988682 hargrave 2026-07-20 22:48:19 
AF 400 249.5  55.9 249.5  55.9 1.40E-04 001.2 339.5  55.9 3.478771 4.928679 8.934029 hargrave 2026-07-20 22:49:53 
AF 450 238.4  49.9 238.4  49.9 1.27E-04 001.6 328.4  49.9 3.940519 5.362039 8.891418 hargrave 2026-07-20 22:51:28 
AF 500 230.0  47.1 230.0  47.1 1.19E-04 001.8 320.0  47.1 4.074590 5.456376 8.916301 hargrave 2026-07-20 22:53:02 
AF 550 226.6  40.6 226.6  40.6 1.18E-04 001.9 316.6  40.6 4.155446 5.595847 9.129950 hargrave 2026-07-20 22:54:37 
AF 600 222.2  31.4 222.2  31.4 1.14E-04 002.1 312.2  31.4 4.451765 5.805659 9.293593 hargrave 2026-07-20 22:56:11 
AF 650 222.5  29.5 222.5  29.5 1.15E-04 002.1 312.5  29.5 4.589361 6.200673 9.257305 hargrave 2026-07-20 22:57:46 
AF 700 218.4  27.4 218.4  27.4 1.18E-04 002.1 308.4  27.4 4.802104 6.194853 9.288726 hargrave 2026-07-20 22:59:21 
AF 750 208.8  21.9 208.8  21.9 1.15E-04 002.3 298.8  21.9 4.899973 6.422670 9.936646 hargrave 2026-07-20 23:00:57 
AF 800 210.7  11.1 210.7  11.1 1.18E-04 002.2 300.7  11.1 5.728847 6.895761 10.00837 hargrave 2026-07-20 23:02:32 
AF 850 211.4  09.4 211.4  09.4 1.19E-04 002.2 301.4  09.4 5.707280 7.273950 9.751606 hargrave 2026-07-20 23:04:07 
AF 900 215.7  10.8 215.7  10.8 1.22E-04 002.2 305.7  10.8 6.076289 7.731786 9.906098 hargrave 2026-07-20 23:05:42 
AF 950 214.0  10.8 214.0  10.8 1.25E-04 002.2 304.0  10.8 6.396280 7.865141 9.881374 hargrave 2026-07-20 23:08:12 
AF1000 213.3  10.4 213.3  10.4 1.17E-04 002.3 303.3  10.4 6.094706 7.639174 9.720526 hargrave 2026-07-20 23:09:48 
AF1050 213.0  11.2 213.0  11.2 1.20E-04 002.3 303.0  11.2 6.502245 7.927368 9.823686 hargrave 2026-07-20 23:11:25 
AF1100 214.4  06.3 214.4  06.3 1.13E-04 002.4 304.4  06.3 6.778332 8.626887 9.822677 hargrave 2026-07-20 23:13:02 
AF1150 211.3  05.1 211.3  05.1 1.23E-04 002.1 301.3  05.1 6.835215 8.783054 9.640394 hargrave 2026-07-20 23:14:38 
AF1200 210.8 -01.7 210.8 -01.7 1.18E-04 002.1 300.8 -01.7 7.008495 9.246015 9.828828 hargrave 2026-07-20 23:16:15 
AF1250 210.6 -09.2 210.6 -09.2 1.14E-04 002.0 300.6 -09.2 6.487395 8.366162 9.687229 hargrave 2026-07-20 23:17:52 
AF1300 203.8 -09.8 203.8 -09.8 1.17E-04 001.9 293.8 -09.8 6.398770 8.339874 9.873036 hargrave 2026-07-20 23:19:29 
