D6A- 1926a unoriented drill core
   1926   0.0   0.0  90.0   0.0  22.1
NRM    250.5  78.8 250.5  78.8 3.24E-03 001.0 340.5  78.8 69.72226 104.2053 58.98044 hargrave 2026-07-20 20:31:25 
AF  10 247.1  79.0 247.1  79.0 3.20E-03 001.0 337.1  79.0 62.80056 98.38496 55.18525 hargrave 2026-07-20 20:33:00 
AF  20 242.8  79.4 242.8  79.4 3.12E-03 000.8 332.8  79.4 54.24295 87.19057 63.78239 hargrave 2026-07-20 20:34:36 
AF  30 238.8  79.3 238.8  79.3 2.98E-03 000.8 328.8  79.3 44.15910 73.42516 46.85532 hargrave 2026-07-20 20:36:11 
AF  40 234.9  77.8 234.9  77.8 2.52E-03 000.8 324.9  77.8 35.26477 61.14231 68.37546 hargrave 2026-07-20 20:37:46 
AF  50 231.6  75.4 231.6  75.4 2.03E-03 000.8 321.6  75.4 27.24302 50.21220 57.62588 hargrave 2026-07-20 20:39:21 
AF  75 225.3  67.9 225.3  67.9 1.22E-03 000.9 315.3  67.9 13.78564 29.88613 35.92172 hargrave 2026-07-20 20:40:56 
AF 100 222.1  60.9 222.1  60.9 8.45E-04 000.8 312.1  60.9 7.666527 19.30603 22.31685 hargrave 2026-07-20 20:42:31 
AF 125 219.6  55.5 219.6  55.5 6.60E-04 000.7 309.6  55.5 5.111129 13.85628 14.96176 hargrave 2026-07-20 20:45:58 
AF 150 219.2  51.9 219.2  51.9 5.58E-04 000.6 309.2  51.9 3.815634 11.02780 10.73933 hargrave 2026-07-20 20:49:24 
AF 175 218.0  49.0 218.0  49.0 4.88E-04 000.6 308.0  49.0 3.212150 9.186157 7.844443 hargrave 2026-07-20 20:52:50 
AF 200 217.5  47.2 217.5  47.2 4.40E-04 000.5 307.5  47.2 5.180895 7.773132 5.974694 hargrave 2026-07-20 20:56:16 
AF 225 216.7  46.0 216.7  46.0 4.05E-04 000.5 306.7  46.0 2.614018 7.197056 4.724907 hargrave 2026-07-20 20:59:42 
AF 250 216.7  44.8 216.7  44.8 3.79E-04 000.4 306.7  44.8 2.389874 6.613483 3.994967 hargrave 2026-07-20 21:03:08 
AF 275 216.4  43.9 216.4  43.9 3.54E-04 000.4 306.4  43.9 2.179228 6.192844 3.273585 hargrave 2026-07-20 21:06:34 
AF 300 216.8  44.1 216.8  44.1 3.36E-04 000.4 306.8  44.1 2.204283 5.908963 2.994191 hargrave 2026-07-20 21:10:00 
AF 350 216.2  43.2 216.2  43.2 3.06E-04 000.4 306.2  43.2 2.026685 5.152019 2.180843 hargrave 2026-07-20 21:13:27 
AF 400 215.2  42.1 215.2  42.1 2.84E-04 000.4 305.2  42.1 1.824642 4.679081 1.852643 hargrave 2026-07-20 21:16:54 
AF 450 216.4  42.2 216.4  42.2 2.63E-04 000.3 306.4  42.2 1.825937 4.205048 1.662733 hargrave 2026-07-20 21:20:21 
AF 500 216.2  42.4 216.2  42.4 2.46E-04 000.4 306.2  42.4 1.653527 4.106410 1.506743 hargrave 2026-07-20 21:23:48 
AF 550 215.4  43.1 215.4  43.1 2.28E-04 000.4 305.4  43.1 1.401157 3.863385 1.353876 hargrave 2026-07-20 21:27:14 
AF 600 214.2  42.5 214.2  42.5 2.13E-04 000.3 304.2  42.5 1.415839 3.602903 1.175759 hargrave 2026-07-20 21:30:40 
AF 650 214.5  43.1 214.5  43.1 1.96E-04 000.3 304.5  43.1 1.205614 3.237555 1.137878 hargrave 2026-07-20 21:34:06 
AF 700 213.7  43.6 213.7  43.6 1.82E-04 000.3 303.7  43.6 1.186965 3.136141 0.986759 hargrave 2026-07-20 21:37:32 
AF 750 214.0  43.0 214.0  43.0 1.68E-04 000.3 304.0  43.0 1.064303 2.820677 0.987474 hargrave 2026-07-20 21:40:58 
AF 800 216.7  43.9 216.7  43.9 1.53E-04 000.4 306.7  43.9 1.073934 2.553908 1.008431 hargrave 2026-07-20 21:44:24 
AF 850 213.6  43.5 213.6  43.5 1.43E-04 000.3 303.6  43.5 1.040471 2.288718 0.842127 hargrave 2026-07-20 21:47:51 
AF 900 210.7  43.1 210.7  43.1 1.30E-04 000.4 300.7  43.1 0.969932 2.270555 0.777188 hargrave 2026-07-20 21:51:18 
AF 950 212.5  42.9 212.5  42.9 1.17E-04 000.4 302.5  42.9 0.885095 1.939897 0.810188 hargrave 2026-07-20 21:54:44 
AF1000 214.3  43.4 214.3  43.4 1.06E-04 000.4 304.3  43.4 0.733106 1.843782 0.804873 hargrave 2026-07-20 21:58:11 
AF1050 208.8  42.8 208.8  42.8 9.55E-05 000.3 298.8  42.8 0.762560 1.547037 0.691848 hargrave 2026-07-20 22:01:38 
AF1100 211.5  42.2 211.5  42.2 8.27E-05 000.4 301.5  42.2 0.662945 1.373935 0.669851 hargrave 2026-07-20 22:05:05 
AF1150 204.7  42.4 204.7  42.4 7.53E-05 000.4 294.7  42.4 0.600906 1.318019 0.714755 hargrave 2026-07-20 22:08:32 
AF1200 211.8  39.4 211.8  39.4 6.68E-05 000.4 301.8  39.4 0.542784 1.072072 0.696654 hargrave 2026-07-20 22:12:11 
AF1250 207.9  40.0 207.9  40.0 6.01E-05 000.5 297.9  40.0 0.611020 1.073671 0.655692 hargrave 2026-07-20 22:15:44 
AF1300 203.9  34.5 203.9  34.5 5.33E-05 000.5 293.9  34.5 0.515154 1.027826 0.636948 hargrave 2026-07-20 22:19:12 
