D6A- 1779a unoriented drill core
   1779  90.0   0.0  90.0   0.0  26.3
NRM    127.3  73.0 127.3  73.0 6.41E-04 001.3 217.3  73.0 34.74427 26.99024 47.06163 hargrave 2026-07-20 14:35:48 
NRM    132.6  72.9 132.6  72.9 6.39E-04 001.0 222.6  72.9 23.74289 23.66807 37.84144 hargrave 2026-07-21 03:28:59 
AF  10 133.4  73.2 133.4  73.2 6.36E-04 001.0 223.4  73.2 22.10100 24.22598 39.29953 hargrave 2026-07-21 03:32:26 
AF  20 134.9  73.7 134.9  73.7 6.14E-04 001.0 224.9  73.7 21.08628 23.13758 38.27185 hargrave 2026-07-21 03:35:53 
AF  30 136.9  74.0 136.9  74.0 5.79E-04 001.0 226.9  74.0 19.66922 21.77282 36.88857 hargrave 2026-07-21 03:39:19 
AF  40 139.5  74.5 139.5  74.5 5.41E-04 001.0 229.5  74.5 18.18094 20.39876 35.33986 hargrave 2026-07-21 03:42:46 
AF  50 141.3  74.6 141.3  74.6 5.01E-04 001.0 231.3  74.6 16.69498 18.82433 33.88172 hargrave 2026-07-21 03:46:12 
AF  75 144.6  74.4 144.6  74.4 3.98E-04 001.0 234.6  74.4 13.12704 15.04425 29.15391 hargrave 2026-07-21 03:49:39 
AF 100 144.7  73.3 144.7  73.3 3.11E-04 001.0 234.7  73.3 10.35145 12.21989 24.64978 hargrave 2026-07-21 03:53:06 
AF 125 142.2  71.2 142.2  71.2 2.41E-04 001.0 232.2  71.2 8.069148 9.832678 20.23200 hargrave 2026-07-21 03:56:33 
AF 150 137.2  68.1 137.2  68.1 1.87E-04 001.2 227.2  68.1 7.138262 8.580417 16.28867 hargrave 2026-07-21 04:00:00 
AF 175 130.4  63.3 130.4  63.3 1.44E-04 001.5 220.4  63.3 6.423099 7.475582 12.81727 hargrave 2026-07-21 04:03:27 
AF 200 122.2  56.4 122.2  56.4 1.13E-04 002.0 212.2  56.4 6.231376 6.803559 9.928833 hargrave 2026-07-21 04:06:54 
AF 225 115.7  47.1 115.7  47.1 8.82E-05 002.7 205.7  47.1 6.461776 6.520646 7.994130 hargrave 2026-07-21 04:10:20 
AF 250 110.0  35.3 110.0  35.3 7.41E-05 003.4 200.0  35.3 6.761447 6.529527 7.079512 hargrave 2026-07-21 04:13:47 
AF 275 105.4  23.5 105.4  23.5 6.71E-05 003.7 195.4  23.5 7.162068 6.731621 6.839013 hargrave 2026-07-21 04:17:13 
AF 300 097.8  12.4 097.8  12.4 6.46E-05 003.7 187.8  12.4 7.467378 6.996415 7.108678 hargrave 2026-07-21 04:20:40 
AF 350 091.8 -02.5 091.8 -02.5 6.65E-05 003.5 181.8 -02.5 7.879607 7.357507 7.904715 hargrave 2026-07-21 04:24:07 
AF 400 082.0 -14.8 082.0 -14.8 7.53E-05 003.0 172.0 -14.8 8.422030 7.686696 8.226041 hargrave 2026-07-21 04:27:33 
AF 450 078.2 -19.7 078.2 -19.7 8.17E-05 002.8 168.2 -19.7 8.559203 7.840679 8.695102 hargrave 2026-07-21 04:31:00 
AF 500 071.9 -25.5 071.9 -25.5 8.92E-05 002.7 161.9 -25.5 8.935501 8.302371 9.061544 hargrave 2026-07-21 04:34:27 
AF 550 068.1 -27.6 068.1 -27.6 9.94E-05 002.5 158.1 -27.6 9.034432 8.432016 9.424791 hargrave 2026-07-21 04:37:53 
AF 600 061.4 -29.0 061.4 -29.0 1.13E-04 002.3 151.4 -29.0 9.423948 9.041831 10.13912 hargrave 2026-07-21 04:40:23 
AF 650 061.1 -29.2 061.1 -29.2 1.18E-04 002.2 151.1 -29.2 9.306983 8.800631 10.23221 hargrave 2026-07-21 04:42:54 
AF 700 061.5 -29.2 061.5 -29.2 1.22E-04 002.2 151.5 -29.2 9.569970 8.784812 10.60883 hargrave 2026-07-21 04:44:29 
AF 750 066.9 -27.7 066.9 -27.7 1.18E-04 002.3 156.9 -27.7 9.146000 8.164524 10.63815 hargrave 2026-07-21 04:46:04 
AF 800 070.8 -25.8 070.8 -25.8 1.21E-04 002.3 160.8 -25.8 9.440304 8.043935 11.09948 hargrave 2026-07-21 04:49:31 
AF 850 077.3 -19.1 077.3 -19.1 1.20E-04 002.5 167.3 -19.1 8.786037 7.283963 12.30742 hargrave 2026-07-21 04:52:58 
AF 900 079.1 -18.3 079.1 -18.3 1.28E-04 002.4 169.1 -18.3 8.847484 7.698115 12.56485 hargrave 2026-07-21 04:56:25 
AF 950 074.7 -17.9 074.7 -17.9 1.48E-04 002.2 164.7 -17.9 9.894915 8.801830 12.98878 hargrave 2026-07-21 04:59:51 
AF1000 077.8 -17.5 077.8 -17.5 1.47E-04 002.0 167.8 -17.5 8.853565 7.446206 12.51261 hargrave 2026-07-21 05:03:18 
AF1050 075.9 -23.7 075.9 -23.7 1.60E-04 002.0 165.9 -23.7 9.938090 8.218096 13.20785 hargrave 2026-07-21 05:06:45 
AF1100 074.3 -21.2 074.3 -21.2 1.67E-04 002.0 164.3 -21.2 9.844704 8.478147 13.67168 hargrave 2026-07-21 05:10:13 
AF1150 076.8 -18.6 076.8 -18.6 1.72E-04 001.9 166.8 -18.6 9.382863 7.892184 13.16182 hargrave 2026-07-21 05:13:41 
AF1200 075.0 -14.3 075.0 -14.3 1.60E-04 002.0 165.0 -14.3 8.730798 7.225796 13.23159 hargrave 2026-07-21 05:17:09 
AF1250 072.2 -20.0 072.2 -20.0 1.68E-04 002.0 162.2 -20.0 9.364514 8.748155 13.37469 hargrave 2026-07-21 05:20:37 
AF1300 067.2 -13.2 067.2 -13.2 1.60E-04 002.0 157.2 -13.2 8.518590 7.329914 13.43457 hargrave 2026-07-21 05:24:05 
