D6A- 2001a unoriented drill core
   2001  90.0   0.0  90.0   0.0  24.2
NRM    131.7 -75.3 131.7 -75.3 8.77E-04 000.5 221.7 -75.3 15.75826 9.901172 11.36457 hargrave 2026-07-20 17:55:33 
AF  10 129.5 -75.0 129.5 -75.0 8.31E-04 000.5 219.5 -75.0 14.69582 9.953160 11.10795 hargrave 2026-07-20 17:57:09 
AF  20 126.3 -73.5 126.3 -73.5 7.35E-04 000.6 216.3 -73.5 13.23876 8.997624 10.31735 hargrave 2026-07-20 18:00:35 
AF  30 123.0 -71.2 123.0 -71.2 6.25E-04 000.6 213.0 -71.2 11.57944 7.979983 9.195185 hargrave 2026-07-20 18:04:02 
AF  40 119.9 -68.8 119.9 -68.8 5.36E-04 000.6 209.9 -68.8 9.883689 6.823417 8.125988 hargrave 2026-07-20 18:07:27 
AF  50 117.9 -66.0 117.9 -66.0 4.56E-04 000.6 207.9 -66.0 8.412186 5.879734 7.099624 hargrave 2026-07-20 18:10:52 
AF  75 114.4 -59.5 114.4 -59.5 3.17E-04 000.6 204.4 -59.5 5.581411 3.978274 5.114726 hargrave 2026-07-20 18:14:16 
AF 100 113.1 -54.8 113.1 -54.8 2.42E-04 000.6 203.1 -54.8 3.961904 2.953632 4.101967 hargrave 2026-07-20 18:17:40 
AF 125 111.6 -51.3 111.6 -51.3 1.98E-04 000.6 201.6 -51.3 2.956629 2.244691 3.387497 hargrave 2026-07-20 18:21:05 
AF 150 110.7 -48.6 110.7 -48.6 1.71E-04 000.5 200.7 -48.6 2.299156 1.836517 2.981311 hargrave 2026-07-20 18:24:29 
AF 175 109.7 -46.7 109.7 -46.7 1.50E-04 000.5 199.7 -46.7 1.872962 1.480929 2.602802 hargrave 2026-07-20 18:27:54 
AF 200 109.4 -45.2 109.4 -45.2 1.37E-04 000.6 199.4 -45.2 2.296962 1.614630 2.378109 hargrave 2026-07-20 18:31:18 
AF 225 108.1 -44.1 108.1 -44.1 1.24E-04 000.5 198.1 -44.1 1.401845 1.044742 2.145479 hargrave 2026-07-20 18:34:42 
AF 250 107.9 -43.0 107.9 -43.0 1.14E-04 000.5 197.9 -43.0 1.207351 0.969764 1.923409 hargrave 2026-07-20 18:38:07 
AF 275 106.9 -42.4 106.9 -42.4 1.07E-04 000.5 196.9 -42.4 1.106698 0.887770 1.792564 hargrave 2026-07-20 18:41:31 
AF 300 107.0 -41.9 107.0 -41.9 1.01E-04 000.5 197.0 -41.9 1.039658 0.830974 1.668576 hargrave 2026-07-20 18:44:56 
AF 350 106.1 -40.8 106.1 -40.8 9.20E-05 000.5 196.1 -40.8 0.891464 0.686802 1.485477 hargrave 2026-07-20 18:48:21 
AF 400 106.3 -40.5 106.3 -40.5 8.36E-05 000.5 196.3 -40.5 0.806664 0.656698 1.351132 hargrave 2026-07-20 18:51:48 
AF 450 106.0 -40.5 106.0 -40.5 7.79E-05 000.5 196.0 -40.5 0.671741 0.582554 1.282804 hargrave 2026-07-20 18:55:14 
AF 500 105.1 -39.4 105.1 -39.4 7.25E-05 000.5 195.1 -39.4 0.636815 0.546933 1.202718 hargrave 2026-07-20 18:58:40 
AF 550 104.6 -39.7 104.6 -39.7 6.99E-05 000.5 194.6 -39.7 0.644204 0.478405 1.165449 hargrave 2026-07-20 19:01:10 
AF 600 102.0 -39.6 102.0 -39.6 6.51E-05 000.5 192.0 -39.6 0.610268 0.523731 1.075164 hargrave 2026-07-20 19:02:45 
AF 650 102.6 -38.6 102.6 -38.6 6.23E-05 000.5 192.6 -38.6 0.621042 0.528187 1.033025 hargrave 2026-07-20 19:04:20 
AF 700 103.2 -38.3 103.2 -38.3 5.93E-05 000.5 193.2 -38.3 0.521805 0.483358 1.016453 hargrave 2026-07-20 19:05:55 
AF 750 101.6 -37.8 101.6 -37.8 5.74E-05 000.4 191.6 -37.8 0.467044 0.397958 0.929423 hargrave 2026-07-20 19:07:30 
AF 800 100.1 -36.9 100.1 -36.9 5.29E-05 000.5 190.1 -36.9 0.476115 0.351923 0.890751 hargrave 2026-07-20 19:10:01 
AF 850 100.8 -35.4 100.8 -35.4 5.23E-05 000.5 190.8 -35.4 0.444231 0.391989 0.854938 hargrave 2026-07-20 19:11:36 
AF 900 100.0 -33.5 100.0 -33.5 4.95E-05 000.4 190.0 -33.5 0.354874 0.376267 0.813894 hargrave 2026-07-20 19:13:12 
AF 950 103.0 -33.6 103.0 -33.6 4.71E-05 000.5 193.0 -33.6 0.321371 0.345756 0.817756 hargrave 2026-07-20 19:14:47 
AF1000 098.5 -32.5 098.5 -32.5 4.39E-05 000.4 188.5 -32.5 0.275910 0.300763 0.701342 hargrave 2026-07-20 19:16:23 
AF1050 102.3 -31.5 102.3 -31.5 4.41E-05 000.5 192.3 -31.5 0.338861 0.371174 0.739549 hargrave 2026-07-20 19:17:59 
AF1100 098.5 -32.2 098.5 -32.2 4.15E-05 000.5 188.5 -32.2 0.314339 0.366236 0.695039 hargrave 2026-07-20 19:19:35 
AF1150 097.8 -28.3 097.8 -28.3 4.06E-05 000.4 187.8 -28.3 0.269582 0.324808 0.634395 hargrave 2026-07-20 19:21:12 
AF1200 099.5 -28.7 099.5 -28.7 3.82E-05 000.4 189.5 -28.7 0.227703 0.304866 0.596852 hargrave 2026-07-20 19:22:48 
AF1250 097.6 -27.3 097.6 -27.3 3.72E-05 000.5 187.6 -27.3 0.274566 0.358508 0.629275 hargrave 2026-07-20 19:24:25 
AF1300 098.5 -25.6 098.5 -25.6 3.61E-05 000.4 188.5 -25.6 0.253119 0.328564 0.541418 hargrave 2026-07-20 19:26:03 
