D6A- 2022a unoriented drill core
   2022   0.0   0.0  90.0   0.0  22.0
NRM    247.1 -80.0 247.1 -80.0 1.01E-03 000.8 337.1 -80.0 23.56035 22.45659 19.32061 hargrave 2026-07-20 15:00:34 
NRM    243.7 -79.9 243.7 -79.9 1.02E-03 000.7 333.7 -79.9 23.08651 22.29987 20.03354 hargrave 2026-07-20 15:19:35 
AF  10 245.9 -80.9 245.9 -80.9 9.96E-04 000.8 335.9 -80.9 22.90691 22.31401 20.04887 hargrave 2026-07-20 15:21:11 
AF  20 247.0 -81.7 247.0 -81.7 9.27E-04 000.8 337.0 -81.7 21.36007 20.99529 19.38868 hargrave 2026-07-20 15:22:47 
AF  30 248.0 -82.3 248.0 -82.3 8.38E-04 000.8 338.0 -82.3 19.56177 19.41591 18.46278 hargrave 2026-07-20 15:24:24 
AF  40 249.6 -83.1 249.6 -83.1 7.55E-04 000.8 339.6 -83.1 17.55136 17.44587 17.43886 hargrave 2026-07-20 15:26:00 
AF  50 252.2 -83.8 252.2 -83.8 6.70E-04 000.8 342.2 -83.8 15.33521 15.47607 16.22923 hargrave 2026-07-20 15:28:32 
AF  75 267.4 -85.3 267.4 -85.3 4.90E-04 000.8 357.4 -85.3 11.03695 11.18528 12.84024 hargrave 2026-07-20 15:30:08 
AF 100 311.1 -86.8 311.1 -86.8 3.38E-04 000.8 041.1 -86.8 7.436811 7.565163 9.365940 hargrave 2026-07-20 15:31:44 
AF 125 353.6 -85.9 353.6 -85.9 2.51E-04 000.8 083.6 -85.9 5.278375 5.559666 7.183229 hargrave 2026-07-20 15:33:19 
AF 150 002.2 -83.3 002.2 -83.3 2.05E-04 000.8 092.2 -83.3 4.333705 4.593362 5.775458 hargrave 2026-07-20 15:36:46 
AF 175 012.4 -81.4 012.4 -81.4 1.62E-04 000.8 102.4 -81.4 3.227916 3.483102 4.436313 hargrave 2026-07-20 15:40:12 
AF 200 020.8 -78.9 020.8 -78.9 1.31E-04 000.8 110.8 -78.9 2.585329 2.772194 3.533816 hargrave 2026-07-20 15:43:39 
AF 225 021.0 -73.4 021.0 -73.4 1.07E-04 000.8 111.0 -73.4 1.929668 2.157490 2.805286 hargrave 2026-07-20 15:47:05 
AF 250 023.9 -69.8 023.9 -69.8 9.04E-05 000.8 113.9 -69.8 1.514175 1.697262 2.239003 hargrave 2026-07-20 15:50:32 
AF 275 026.1 -67.3 026.1 -67.3 7.66E-05 000.8 116.1 -67.3 1.206568 1.350934 1.769937 hargrave 2026-07-20 15:53:58 
AF 300 026.2 -64.6 026.2 -64.6 6.59E-05 000.7 116.2 -64.6 0.910653 1.039680 1.447674 hargrave 2026-07-20 15:57:25 
AF 350 029.3 -56.9 029.3 -56.9 5.44E-05 000.7 119.3 -56.9 0.701746 0.738895 1.108071 hargrave 2026-07-20 15:59:55 
AF 400 027.6 -53.7 027.6 -53.7 4.64E-05 000.5 117.6 -53.7 0.477951 0.474795 0.657352 hargrave 2026-07-20 16:01:31 
AF 450 030.3 -46.9 030.3 -46.9 4.00E-05 000.5 120.3 -46.9 0.413057 0.314421 0.488602 hargrave 2026-07-20 16:04:57 
AF 500 039.4 -50.3 039.4 -50.3 3.32E-05 000.4 129.4 -50.3 0.258721 0.313891 0.391616 hargrave 2026-07-20 16:07:28 
AF 550 029.7 -47.7 029.7 -47.7 3.13E-05 000.4 119.7 -47.7 0.206616 0.319686 0.321093 hargrave 2026-07-20 16:09:03 
AF 600 058.1 -58.3 058.1 -58.3 2.66E-05 000.4 148.1 -58.3 0.122861 0.365704 0.283003 hargrave 2026-07-20 16:10:38 
AF 650 034.4 -43.3 034.4 -43.3 2.54E-05 000.4 124.4 -43.3 0.268754 0.273694 0.265995 hargrave 2026-07-20 16:12:13 
AF 700 023.9 -45.4 023.9 -45.4 2.44E-05 000.4 113.9 -45.4 0.335037 0.240280 0.113958 hargrave 2026-07-20 16:13:48 
AF 750 154.3 -29.9 154.3 -29.9 3.42E-05 000.2 244.3 -29.9 0.217348 0.373930 0.327577 hargrave 2026-07-20 16:17:13 
AF 800 031.3 -43.6 031.3 -43.6 2.00E-05 000.5 121.3 -43.6 0.316032 0.330049 0.137988 hargrave 2026-07-20 16:19:43 
AF 850 030.5 -48.7 030.5 -48.7 1.76E-05 000.5 120.5 -48.7 0.229840 0.257069 0.088258 hargrave 2026-07-20 16:21:18 
AF 900 035.2 -43.8 035.2 -43.8 1.83E-05 000.6 125.2 -43.8 0.320507 0.295833 0.176576 hargrave 2026-07-20 16:22:54 
AF 950 030.6 -50.0 030.6 -50.0 1.35E-05 000.8 120.6 -50.0 0.307764 0.321295 0.088358 hargrave 2026-07-20 16:24:29 
AF1000 040.8 -48.8 040.8 -48.8 1.38E-05 000.8 130.8 -48.8 0.288122 0.379697 0.090348 hargrave 2026-07-20 16:26:05 
AF1050 022.1 -52.9 022.1 -52.9 1.30E-05 000.8 112.1 -52.9 0.236166 0.351541 0.061320 hargrave 2026-07-20 16:27:40 
AF1100 037.0 -41.6 037.0 -41.6 1.34E-05 001.0 127.0 -41.6 0.436090 0.413358 0.085563 hargrave 2026-07-20 16:30:12 
AF1150 027.8 -32.8 027.8 -32.8 1.21E-05 001.1 117.8 -32.8 0.441689 0.425511 0.073593 hargrave 2026-07-20 16:31:48 
AF1200 020.0 -54.5 020.0 -54.5 1.16E-05 001.8 110.0 -54.5 0.302429 0.948495 0.061547 hargrave 2026-07-20 16:33:25 
AF1250 041.1 -51.8 041.1 -51.8 8.87E-06 001.5 131.1 -51.8 0.367066 0.396455 0.032330 hargrave 2026-07-20 16:35:02 
AF1300 033.8 -58.1 033.8 -58.1 9.43E-06 001.2 123.8 -58.1 0.317932 0.322549 0.086890 hargrave 2026-07-20 16:36:39 
