D6A- 1727a unoriented drill core
   1727   0.0   0.0  90.0   0.0  21.1
NRM    126.3  73.7 126.3  73.7 4.10E-04 001.1 216.3  73.7 10.36964 13.35758 6.015728 hargrave 2026-07-21 06:50:12 
AF  10 125.9  73.4 125.9  73.4 4.06E-04 001.1 215.9  73.4 10.24134 13.20278 5.971200 hargrave 2026-07-21 06:53:39 
AF  20 125.8  72.8 125.8  72.8 3.93E-04 001.1 215.8  72.8 9.948981 12.76352 5.887418 hargrave 2026-07-21 06:57:06 
AF  30 125.7  72.3 125.7  72.3 3.73E-04 001.1 215.7  72.3 9.453008 12.23564 5.631666 hargrave 2026-07-21 07:00:33 
AF  40 126.0  71.9 126.0  71.9 3.53E-04 001.1 216.0  71.9 8.893968 11.46090 5.022369 hargrave 2026-07-21 07:04:00 
AF  50 126.2  71.3 126.2  71.3 3.31E-04 001.1 216.2  71.3 8.274040 10.71035 5.024239 hargrave 2026-07-21 07:07:27 
AF  75 125.6  69.2 125.6  69.2 2.74E-04 001.0 215.6  69.2 6.736604 8.676607 4.089862 hargrave 2026-07-21 07:10:53 
AF 100 124.6  66.9 124.6  66.9 2.31E-04 001.1 214.6  66.9 5.730339 7.282848 3.465950 hargrave 2026-07-21 07:14:20 
AF 125 123.7  64.6 123.7  64.6 2.01E-04 001.1 213.7  64.6 5.021198 6.375139 3.059147 hargrave 2026-07-21 07:17:47 
AF 150 123.1  62.7 123.1  62.7 1.78E-04 001.1 213.1  62.7 4.522147 5.707627 2.794257 hargrave 2026-07-21 07:21:14 
AF 175 122.4  61.2 122.4  61.2 1.59E-04 001.1 212.4  61.2 4.128174 5.192302 2.540507 hargrave 2026-07-21 07:24:40 
AF 200 121.7  60.7 121.7  60.7 1.43E-04 001.2 211.7  60.7 3.820630 4.814290 2.341106 hargrave 2026-07-21 07:27:10 
AF 225 121.3  60.5 121.3  60.5 1.29E-04 001.1 211.3  60.5 3.371032 4.276697 2.188104 hargrave 2026-07-21 07:28:45 
AF 250 120.8  61.0 120.8  61.0 1.17E-04 001.2 210.8  61.0 3.032991 3.931730 2.022372 hargrave 2026-07-21 07:30:20 
AF 275 119.9  61.8 119.9  61.8 1.07E-04 001.2 209.9  61.8 2.759559 3.626525 1.869481 hargrave 2026-07-21 07:31:55 
AF 300 119.4  63.0 119.4  63.0 9.87E-05 001.2 209.4  63.0 2.550273 3.304126 1.743852 hargrave 2026-07-21 07:33:29 
AF 350 119.8  65.2 119.8  65.2 8.58E-05 001.2 209.8  65.2 2.173988 2.861536 1.604128 hargrave 2026-07-21 07:35:04 
AF 400 118.6  67.1 118.6  67.1 7.65E-05 001.1 208.6  67.1 1.912388 2.585352 1.372227 hargrave 2026-07-21 07:37:33 
AF 450 118.3  69.1 118.3  69.1 6.82E-05 001.1 208.3  69.1 1.621846 2.202572 1.291994 hargrave 2026-07-21 07:39:08 
AF 500 118.2  70.6 118.2  70.6 6.20E-05 001.1 208.2  70.6 1.408313 1.920045 1.218530 hargrave 2026-07-21 07:40:42 
AF 550 116.1  72.2 116.1  72.2 5.65E-05 001.0 206.1  72.2 1.235365 1.685367 1.076827 hargrave 2026-07-21 07:42:17 
AF 600 115.2  73.8 115.2  73.8 5.23E-05 001.0 205.2  73.8 1.157768 1.569898 1.003522 hargrave 2026-07-21 07:43:52 
AF 650 118.4  74.3 118.4  74.3 4.87E-05 001.0 208.4  74.3 1.042251 1.460591 0.952696 hargrave 2026-07-21 07:45:26 
AF 700 119.2  74.6 119.2  74.6 4.56E-05 001.0 209.2  74.6 0.930973 1.317664 0.856088 hargrave 2026-07-21 07:47:01 
AF 750 115.3  74.4 115.3  74.4 4.24E-05 001.0 205.3  74.4 0.859851 1.235881 0.792846 hargrave 2026-07-21 07:48:36 
AF 800 112.7  75.9 112.7  75.9 3.94E-05 000.9 202.7  75.9 0.825231 1.116678 0.784946 hargrave 2026-07-21 07:50:10 
AF 850 117.2  75.3 117.2  75.3 3.66E-05 001.0 207.2  75.3 0.752394 1.122935 0.693264 hargrave 2026-07-21 07:52:41 
AF 900 112.2  75.5 112.2  75.5 3.50E-05 001.0 202.2  75.5 0.724485 1.034626 0.637289 hargrave 2026-07-21 07:54:16 
AF 950 120.7  75.7 120.7  75.7 3.26E-05 000.9 210.7  75.7 0.656619 0.909309 0.624226 hargrave 2026-07-21 07:55:51 
AF1000 117.1  76.0 117.1  76.0 3.03E-05 001.0 207.1  76.0 0.653290 0.874717 0.558581 hargrave 2026-07-21 07:57:27 
AF1050 114.4  75.9 114.4  75.9 2.83E-05 000.9 204.4  75.9 0.593230 0.801710 0.531984 hargrave 2026-07-21 07:59:02 
AF1100 117.1  72.5 117.1  72.5 2.68E-05 000.9 207.1  72.5 0.526618 0.750565 0.497500 hargrave 2026-07-21 08:00:38 
AF1150 118.8  74.1 118.8  74.1 2.48E-05 001.0 208.8  74.1 0.513429 0.740419 0.484759 hargrave 2026-07-21 08:02:15 
AF1200 117.9  74.6 117.9  74.6 2.33E-05 001.0 207.9  74.6 0.511665 0.699647 0.469920 hargrave 2026-07-21 08:03:52 
AF1250 115.5  74.2 115.5  74.2 2.10E-05 000.9 205.5  74.2 0.436388 0.599696 0.431590 hargrave 2026-07-21 08:05:28 
AF1300 115.5  72.2 115.5  72.2 2.02E-05 001.0 205.5  72.2 0.455296 0.623980 0.366102 hargrave 2026-07-21 08:07:05 
