D6A- 1464a unoriented drill core
   1464  90.0   0.0  90.0   0.0  30.0
NRM    095.4 -70.2 095.4 -70.2 4.98E-05 001.2 095.4 -70.2 2.342344 2.312383 0.916568 hargrave 2026-07-24 15:22:26 
AF  10 098.7 -70.8 098.7 -70.8 4.80E-05 001.2 098.7 -70.8 2.228769 2.170208 0.930905 hargrave 2026-07-24 15:24:03 
AF  20 101.6 -71.7 101.6 -71.7 4.25E-05 001.3 101.6 -71.7 2.025075 1.946791 0.942528 hargrave 2026-07-24 15:25:37 
AF  30 105.0 -73.0 105.0 -73.0 3.49E-05 001.3 105.0 -73.0 1.731139 1.595781 0.889014 hargrave 2026-07-24 15:27:12 
AF  40 117.9 -73.9 117.9 -73.9 2.70E-05 001.3 117.9 -73.9 1.314677 1.123470 0.740042 hargrave 2026-07-24 15:28:46 
AF  50 130.0 -73.2 130.0 -73.2 2.04E-05 001.3 130.0 -73.2 1.084823 0.829978 0.648912 hargrave 2026-07-24 15:30:21 
AF  75 165.8 -56.9 165.8 -56.9 7.56E-06 001.8 165.8 -56.9 0.702637 0.254334 0.434100 hargrave 2026-07-24 15:31:56 
AF 100 180.9  06.6 180.9  06.6 3.91E-06 002.1 180.9  06.6 0.539946 0.134695 0.369347 hargrave 2026-07-24 15:33:30 
AF 125 194.5  39.6 194.5  39.6 5.94E-06 001.8 194.5  39.6 0.487644 0.240109 0.359338 hargrave 2026-07-24 15:35:05 
AF 150 191.5  51.5 191.5  51.5 7.50E-06 001.5 191.5  51.5 0.450070 0.334604 0.401284 hargrave 2026-07-24 15:36:39 
AF 175 196.8  58.3 196.8  58.3 8.67E-06 001.2 196.8  58.3 0.395729 0.318558 0.405348 hargrave 2026-07-24 15:38:13 
AF 200 197.0  60.4 197.0  60.4 9.69E-06 001.2 197.0  60.4 0.419131 0.353069 0.446635 hargrave 2026-07-24 15:39:48 
AF 225 190.8  61.8 190.8  61.8 1.00E-05 001.1 190.8  61.8 0.412891 0.335800 0.406092 hargrave 2026-07-24 15:41:23 
AF 250 190.8  59.6 190.8  59.6 1.07E-05 000.7 190.8  59.6 0.252078 0.363585 0.416701 hargrave 2026-07-24 15:42:58 
AF 275 193.9  61.1 193.9  61.1 1.10E-05 001.0 193.9  61.1 0.390614 0.350667 0.437074 hargrave 2026-07-24 15:44:32 
AF 300 192.2  63.7 192.2  63.7 1.09E-05 001.0 192.2  63.7 0.380554 0.389267 0.425951 hargrave 2026-07-24 15:46:07 
AF 350 198.4  64.6 198.4  64.6 1.16E-05 001.0 198.4  64.6 0.395002 0.390516 0.438056 hargrave 2026-07-24 15:47:41 
AF 400 193.2  66.1 193.2  66.1 1.18E-05 001.0 193.2  66.1 0.407358 0.429579 0.442708 hargrave 2026-07-24 15:49:16 
AF 450 202.3  64.9 202.3  64.9 1.25E-05 000.9 202.3  64.9 0.380214 0.462655 0.445483 hargrave 2026-07-24 15:50:51 
AF 500 202.1  64.0 202.1  64.0 1.27E-05 000.9 202.1  64.0 0.370274 0.448323 0.430580 hargrave 2026-07-24 15:52:26 
AF 550 197.8  64.4 197.8  64.4 1.29E-05 001.0 197.8  64.4 0.388714 0.487485 0.459207 hargrave 2026-07-24 15:54:01 
AF 600 203.1  65.2 203.1  65.2 1.31E-05 000.9 203.1  65.2 0.369208 0.421680 0.480289 hargrave 2026-07-24 15:55:36 
AF 650 206.3  63.2 206.3  63.2 1.35E-05 000.9 206.3  63.2 0.375305 0.451785 0.477690 hargrave 2026-07-24 15:57:11 
AF 700 201.2  64.5 201.2  64.5 1.34E-05 000.9 201.2  64.5 0.380705 0.404252 0.513650 hargrave 2026-07-24 15:58:45 
AF 750 207.8  60.1 207.8  60.1 1.41E-05 000.8 207.8  60.1 0.359260 0.417305 0.517743 hargrave 2026-07-24 16:00:20 
AF 800 209.4  61.7 209.4  61.7 1.44E-05 000.8 209.4  61.7 0.339117 0.455129 0.547826 hargrave 2026-07-24 16:01:55 
AF 850 213.9  66.6 213.9  66.6 1.44E-05 000.8 213.9  66.6 0.352384 0.421299 0.520774 hargrave 2026-07-24 16:03:30 
AF 900 220.2  67.4 220.2  67.4 1.43E-05 000.8 220.2  67.4 0.364870 0.461282 0.493873 hargrave 2026-07-24 16:05:05 
AF 950 220.3  67.3 220.3  67.3 1.44E-05 000.8 220.3  67.3 0.381930 0.440645 0.489474 hargrave 2026-07-24 16:06:41 
AF1000 226.0  68.9 226.0  68.9 1.45E-05 000.8 226.0  68.9 0.380541 0.451681 0.488247 hargrave 2026-07-24 16:08:16 
AF1050 220.1  67.8 220.1  67.8 1.48E-05 000.8 220.1  67.8 0.386826 0.432936 0.463377 hargrave 2026-07-24 16:09:52 
AF1100 220.6  69.1 220.6  69.1 1.49E-05 000.8 220.6  69.1 0.395940 0.410959 0.492317 hargrave 2026-07-24 16:11:28 
AF1150 216.3  69.1 216.3  69.1 1.50E-05 000.8 216.3  69.1 0.415240 0.446427 0.504179 hargrave 2026-07-24 16:13:04 
AF1200 222.8  70.2 222.8  70.2 1.55E-05 000.8 222.8  70.2 0.433973 0.454327 0.490175 hargrave 2026-07-24 16:14:41 
AF1250 219.8  69.3 219.8  69.3 1.53E-05 000.8 219.8  69.3 0.389242 0.478899 0.497879 hargrave 2026-07-24 16:16:17 
AF1300 220.5  67.9 220.5  67.9 1.51E-05 000.8 220.5  67.9 0.421148 0.479480 0.492622 hargrave 2026-07-24 16:17:54 
