D6A- 1528a unoriented drill core
   1528  90.0   0.0  90.0   0.0  27.5
NRM    165.8  55.6 165.8  55.6 2.88E-04 001.1 165.8  55.6 12.56008 13.99383 6.316507 hargrave 2026-07-24 22:27:01 
AF  10 176.2  54.6 176.2  54.6 2.81E-04 001.2 176.2  54.6 15.10368 14.49019 8.334501 hargrave 2026-07-24 22:30:28 
AF  20 176.6  53.3 176.6  53.3 2.56E-04 001.2 176.6  53.3 14.49356 13.78210 8.122686 hargrave 2026-07-24 22:33:54 
AF  30 176.1  51.5 176.1  51.5 2.26E-04 001.3 176.1  51.5 13.07893 12.66964 7.661042 hargrave 2026-07-24 22:37:21 
AF  40 175.7  49.8 175.7  49.8 1.96E-04 001.4 175.7  49.8 12.70772 11.71840 6.952877 hargrave 2026-07-24 22:40:47 
AF  50 174.9  47.9 174.9  47.9 1.71E-04 001.4 174.9  47.9 11.74721 10.76685 6.330207 hargrave 2026-07-24 22:44:14 
AF  75 171.8  42.9 171.8  42.9 1.18E-04 001.5 171.8  42.9 9.159873 8.293666 4.766208 hargrave 2026-07-24 22:46:44 
AF 100 166.5  38.6 166.5  38.6 8.31E-05 001.6 166.5  38.6 6.976775 6.317826 3.516086 hargrave 2026-07-24 22:48:19 
AF 125 159.4  34.3 159.4  34.3 5.95E-05 001.7 159.4  34.3 5.373459 4.899691 2.716633 hargrave 2026-07-24 22:49:54 
AF 150 151.3  29.7 151.3  29.7 4.30E-05 001.8 151.3  29.7 4.151500 3.894875 2.107351 hargrave 2026-07-24 22:51:29 
AF 175 141.7  24.1 141.7  24.1 3.20E-05 002.0 141.7  24.1 3.187410 3.049247 1.698221 hargrave 2026-07-24 22:53:04 
AF 200 133.4  18.3 133.4  18.3 2.38E-05 002.2 133.4  18.3 2.534443 2.542004 1.369683 hargrave 2026-07-24 22:54:39 
AF 225 128.6  10.8 128.6  10.8 1.97E-05 002.3 128.6  10.8 2.084188 2.137040 1.070323 hargrave 2026-07-24 22:56:14 
AF 250 121.9  01.6 121.9  01.6 1.62E-05 002.4 121.9  01.6 1.641449 1.769964 0.950668 hargrave 2026-07-24 22:57:49 
AF 275 118.0 -06.5 118.0 -06.5 1.42E-05 002.5 118.0 -06.5 1.444979 1.639173 0.751036 hargrave 2026-07-24 22:59:24 
AF 300 111.9 -15.0 111.9 -15.0 1.39E-05 002.3 111.9 -15.0 1.321269 1.500571 0.633431 hargrave 2026-07-24 23:00:59 
AF 350 115.2 -31.8 115.2 -31.8 1.24E-05 002.3 115.2 -31.8 1.071543 1.300188 0.440508 hargrave 2026-07-24 23:02:34 
AF 400 113.1 -40.9 113.1 -40.9 1.17E-05 002.1 113.1 -40.9 0.908521 1.116269 0.417469 hargrave 2026-07-24 23:04:09 
AF 450 116.8 -48.2 116.8 -48.2 1.20E-05 002.0 116.8 -48.2 0.831310 1.058122 0.398393 hargrave 2026-07-24 23:05:43 
AF 500 120.5 -55.8 120.5 -55.8 1.24E-05 001.8 120.5 -55.8 0.730489 0.994686 0.358762 hargrave 2026-07-24 23:07:18 
AF 550 122.9 -60.6 122.9 -60.6 1.36E-05 001.6 122.9 -60.6 0.707073 0.954369 0.392293 hargrave 2026-07-24 23:08:53 
AF 600 132.3 -66.6 132.3 -66.6 1.48E-05 001.4 132.3 -66.6 0.603941 0.839756 0.357133 hargrave 2026-07-24 23:10:28 
AF 650 122.0 -62.3 122.0 -62.3 1.64E-05 001.2 122.0 -62.3 0.585511 0.844563 0.365202 hargrave 2026-07-24 23:12:03 
AF 700 140.6 -71.7 140.6 -71.7 1.68E-05 001.2 140.6 -71.7 0.541804 0.812990 0.361111 hargrave 2026-07-24 23:13:38 
AF 750 142.4 -73.2 142.4 -73.2 1.86E-05 001.0 142.4 -73.2 0.477971 0.732475 0.389358 hargrave 2026-07-24 23:15:13 
AF 800 146.2 -72.5 146.2 -72.5 1.97E-05 001.0 146.2 -72.5 0.563334 0.779035 0.386621 hargrave 2026-07-24 23:16:48 
AF 850 152.1 -74.1 152.1 -74.1 2.01E-05 001.0 152.1 -74.1 0.585821 0.771627 0.416844 hargrave 2026-07-24 23:18:24 
AF 900 153.7 -72.4 153.7 -72.4 2.14E-05 000.9 153.7 -72.4 0.530598 0.713953 0.425990 hargrave 2026-07-24 23:19:59 
AF 950 159.7 -76.3 159.7 -76.3 2.20E-05 000.7 159.7 -76.3 0.432397 0.620792 0.395395 hargrave 2026-07-24 23:21:34 
AF1000 150.9 -76.2 150.9 -76.2 2.26E-05 000.6 150.9 -76.2 0.399223 0.565692 0.370810 hargrave 2026-07-24 23:23:10 
AF1050 160.3 -74.2 160.3 -74.2 2.45E-05 000.6 160.3 -74.2 0.397618 0.573001 0.406156 hargrave 2026-07-24 23:24:46 
AF1100 152.0 -73.2 152.0 -73.2 2.50E-05 000.6 152.0 -73.2 0.488897 0.605755 0.421494 hargrave 2026-07-24 23:26:22 
AF1150 156.8 -76.2 156.8 -76.2 2.57E-05 000.5 156.8 -76.2 0.403758 0.502601 0.448942 hargrave 2026-07-24 23:27:58 
AF1200 169.0 -76.7 169.0 -76.7 2.64E-05 000.6 169.0 -76.7 0.464893 0.542715 0.378385 hargrave 2026-07-24 23:29:35 
AF1250 157.5 -74.0 157.5 -74.0 2.71E-05 000.6 157.5 -74.0 0.451311 0.573271 0.467993 hargrave 2026-07-24 23:31:11 
AF1300 151.7 -74.7 151.7 -74.7 2.70E-05 000.6 151.7 -74.7 0.489005 0.619928 0.427250 hargrave 2026-07-24 23:32:48 
