D6A- 1561a unoriented drill core
   1561  90.0   0.0  90.0   0.0  26.3
NRM    230.7  83.4 230.7  83.4 4.21E-04 001.0 230.7  83.4 13.15228 13.78254 5.686989 hargrave 2026-07-24 23:36:40 
AF  10 232.2  82.5 232.2  82.5 3.88E-04 001.0 232.2  82.5 11.88327 12.72979 5.505153 hargrave 2026-07-24 23:39:11 
AF  20 234.6  80.7 234.6  80.7 3.16E-04 001.0 234.6  80.7 9.891375 10.59007 4.545330 hargrave 2026-07-24 23:40:45 
AF  30 239.5  78.7 239.5  78.7 2.43E-04 001.0 239.5  78.7 7.619680 8.271617 3.596512 hargrave 2026-07-24 23:42:20 
AF  40 245.8  77.0 245.8  77.0 1.89E-04 000.9 245.8  77.0 5.880513 6.327632 2.862963 hargrave 2026-07-24 23:43:55 
AF  50 250.3  74.5 250.3  74.5 1.48E-04 000.9 250.3  74.5 4.558442 4.887104 2.182520 hargrave 2026-07-24 23:45:30 
AF  75 259.6  67.4 259.6  67.4 8.97E-05 000.8 259.6  67.4 2.561404 2.683095 1.107810 hargrave 2026-07-24 23:47:05 
AF 100 264.5  61.4 264.5  61.4 6.35E-05 000.7 264.5  61.4 1.715693 1.720986 0.647730 hargrave 2026-07-24 23:48:40 
AF 125 267.0  56.7 267.0  56.7 5.10E-05 000.7 267.0  56.7 1.313508 1.231248 0.445992 hargrave 2026-07-24 23:50:15 
AF 150 270.4  54.2 270.4  54.2 4.30E-05 000.6 270.4  54.2 1.020981 0.951412 0.281915 hargrave 2026-07-24 23:51:50 
AF 175 271.6  50.6 271.6  50.6 3.77E-05 000.6 271.6  50.6 0.823149 0.756671 0.335332 hargrave 2026-07-24 23:53:25 
AF 200 271.9  49.9 271.9  49.9 3.31E-05 000.6 271.9  49.9 0.802780 0.669883 0.274104 hargrave 2026-07-24 23:55:00 
AF 225 275.2  48.2 275.2  48.2 3.00E-05 000.6 275.2  48.2 0.655142 0.549170 0.285590 hargrave 2026-07-24 23:56:35 
AF 250 275.2  47.3 275.2  47.3 2.68E-05 000.6 275.2  47.3 0.575598 0.482017 0.278763 hargrave 2026-07-24 23:58:10 
AF 275 273.2  46.4 273.2  46.4 2.37E-05 000.6 273.2  46.4 0.574735 0.426492 0.270884 hargrave 2026-07-24 23:59:45 
AF 300 273.7  46.3 273.7  46.3 2.24E-05 000.7 273.7  46.3 0.573616 0.450856 0.273401 hargrave 2026-07-25 00:01:20 
AF 350 278.4  45.8 278.4  45.8 1.88E-05 000.7 278.4  45.8 0.479266 0.324152 0.223326 hargrave 2026-07-25 00:02:55 
AF 400 273.5  44.4 273.5  44.4 1.62E-05 000.8 273.5  44.4 0.449543 0.369551 0.213064 hargrave 2026-07-25 00:04:30 
AF 450 272.7  45.4 272.7  45.4 1.37E-05 000.8 272.7  45.4 0.396413 0.279418 0.169387 hargrave 2026-07-25 00:06:05 
AF 500 268.8  46.5 268.8  46.5 1.25E-05 001.0 268.8  46.5 0.453413 0.342525 0.143224 hargrave 2026-07-25 00:07:39 
AF 550 259.6  42.4 259.6  42.4 1.08E-05 001.0 259.6  42.4 0.388359 0.289727 0.118819 hargrave 2026-07-25 00:09:14 
AF 600 262.3  45.3 262.3  45.3 8.95E-06 001.1 262.3  45.3 0.376631 0.247769 0.106229 hargrave 2026-07-25 00:10:49 
AF 650 263.2  43.3 263.2  43.3 8.49E-06 001.0 263.2  43.3 0.345907 0.218223 0.097130 hargrave 2026-07-25 00:12:24 
AF 700 250.2  45.4 250.2  45.4 8.06E-06 001.1 250.2  45.4 0.349717 0.240590 0.072712 hargrave 2026-07-25 00:13:59 
AF 750 249.1  39.0 249.1  39.0 7.62E-06 001.0 249.1  39.0 0.318881 0.146548 0.054449 hargrave 2026-07-25 00:15:34 
AF 800 246.2  43.3 246.2  43.3 6.96E-06 001.2 246.2  43.3 0.332878 0.193427 0.044277 hargrave 2026-07-25 00:17:09 
AF 850 238.8  45.2 238.8  45.2 6.45E-06 001.2 238.8  45.2 0.334345 0.185929 0.039369 hargrave 2026-07-25 00:18:45 
AF 900 233.6  43.5 233.6  43.5 5.57E-06 001.2 233.6  43.5 0.295495 0.153048 0.033662 hargrave 2026-07-25 00:20:20 
AF 950 239.7  47.0 239.7  47.0 5.39E-06 001.3 239.7  47.0 0.309987 0.156329 0.039350 hargrave 2026-07-25 00:21:56 
AF1000 226.6  46.4 226.6  46.4 5.89E-06 001.1 226.6  46.4 0.305506 0.158188 0.018232 hargrave 2026-07-25 00:23:32 
AF1050 230.4  47.7 230.4  47.7 5.15E-06 001.4 230.4  47.7 0.311677 0.162781 0.025224 hargrave 2026-07-25 00:25:09 
AF1100 228.1  37.0 228.1  37.0 4.35E-06 001.3 228.1  37.0 0.274682 0.116739 0.019562 hargrave 2026-07-25 00:26:45 
AF1150 220.7  36.2 220.7  36.2 4.63E-06 001.0 220.7  36.2 0.247576 0.112908 0.013562 hargrave 2026-07-25 00:28:21 
AF1200 222.0  38.9 222.0  38.9 4.25E-06 001.4 222.0  38.9 0.272425 0.165920 0.047548 hargrave 2026-07-25 00:29:58 
AF1250 207.4  43.2 207.4  43.2 4.54E-06 001.2 207.4  43.2 0.273357 0.150408 0.043947 hargrave 2026-07-25 00:31:35 
AF1300 198.9  36.1 198.9  36.1 4.20E-06 001.0 198.9  36.1 0.256511 0.143467 0.036597 hargrave 2026-07-25 00:33:13 
