D6A- 1699a unoriented drill core
   1699  90.0   0.0  90.0   0.0  25.3
NRM    264.0  76.2 264.0  76.2 9.70E-04 000.7 264.0  76.2 17.77864 26.75229 14.43092 hargrave 2026-07-25 02:59:46 
AF  10 261.8  75.8 261.8  75.8 9.16E-04 000.7 261.8  75.8 16.76924 25.55855 14.62968 hargrave 2026-07-25 03:01:21 
AF  20 258.6  74.9 258.6  74.9 8.05E-04 000.7 258.6  74.9 14.79839 23.16388 13.96155 hargrave 2026-07-25 03:02:56 
AF  30 255.8  73.7 255.8  73.7 6.72E-04 000.8 255.8  73.7 12.61641 20.09773 13.26537 hargrave 2026-07-25 03:06:24 
AF  40 255.0  72.5 255.0  72.5 5.66E-04 000.8 255.0  72.5 10.43349 17.02736 12.16220 hargrave 2026-07-25 03:09:51 
AF  50 253.8  70.8 253.8  70.8 4.65E-04 000.8 253.8  70.8 8.422888 14.00535 10.61709 hargrave 2026-07-25 03:13:18 
AF  75 254.5  66.4 254.5  66.4 3.03E-04 000.7 254.5  66.4 4.963321 8.659300 6.854022 hargrave 2026-07-25 03:16:46 
AF 100 256.5  62.5 256.5  62.5 2.20E-04 000.7 256.5  62.5 3.339561 6.042747 4.730238 hargrave 2026-07-25 03:20:13 
AF 125 258.1  59.1 258.1  59.1 1.69E-04 000.6 258.1  59.1 2.339574 4.392622 3.330309 hargrave 2026-07-25 03:23:40 
AF 150 259.2  56.4 259.2  56.4 1.37E-04 000.6 259.2  56.4 1.840357 3.440349 2.355118 hargrave 2026-07-25 03:26:11 
AF 175 261.5  53.4 261.5  53.4 1.14E-04 000.5 261.5  53.4 1.391485 2.656851 1.662678 hargrave 2026-07-25 03:27:46 
AF 200 261.7  50.6 261.7  50.6 9.61E-05 000.5 261.7  50.6 1.011512 2.035731 1.151230 hargrave 2026-07-25 03:29:21 
AF 225 263.0  48.9 263.0  48.9 8.59E-05 000.4 263.0  48.9 0.886109 1.743614 0.850012 hargrave 2026-07-25 03:30:56 
AF 250 263.9  46.7 263.9  46.7 7.53E-05 000.4 263.9  46.7 0.785619 1.509783 0.581141 hargrave 2026-07-25 03:32:31 
AF 275 266.5  46.0 266.5  46.0 6.97E-05 000.4 266.5  46.0 0.696370 1.271245 0.412692 hargrave 2026-07-25 03:34:07 
AF 300 265.7  45.4 265.7  45.4 6.30E-05 000.4 265.7  45.4 0.594858 1.169477 0.306003 hargrave 2026-07-25 03:35:42 
AF 350 271.6  45.9 271.6  45.9 5.55E-05 000.4 271.6  45.9 0.611728 1.026293 0.219905 hargrave 2026-07-25 03:37:17 
AF 400 277.0  48.0 277.0  48.0 5.16E-05 000.4 277.0  48.0 0.555301 0.857011 0.275074 hargrave 2026-07-25 03:38:52 
AF 450 280.5  48.4 280.5  48.4 4.70E-05 000.4 280.5  48.4 0.508141 0.849778 0.317908 hargrave 2026-07-25 03:40:27 
AF 500 287.0  51.1 287.0  51.1 4.86E-05 000.5 287.0  51.1 0.651775 0.875345 0.331706 hargrave 2026-07-25 03:42:02 
AF 550 290.8  54.6 290.8  54.6 4.93E-05 000.4 290.8  54.6 0.622481 0.852133 0.313502 hargrave 2026-07-25 03:43:37 
AF 600 292.7  56.9 292.7  56.9 5.22E-05 000.5 292.7  56.9 0.722816 0.932805 0.303694 hargrave 2026-07-25 03:45:12 
AF 650 297.3  59.1 297.3  59.1 5.59E-05 000.5 297.3  59.1 0.805994 0.965135 0.351515 hargrave 2026-07-25 03:46:47 
AF 700 305.8  61.7 305.8  61.7 5.73E-05 000.5 305.8  61.7 0.748655 0.983577 0.318576 hargrave 2026-07-25 03:48:22 
AF 750 315.1  61.6 315.1  61.6 6.22E-05 000.5 315.1  61.6 0.925958 1.025457 0.374277 hargrave 2026-07-25 03:49:57 
AF 800 315.7  62.3 315.7  62.3 6.70E-05 000.5 315.7  62.3 0.923971 1.106604 0.434552 hargrave 2026-07-25 03:51:32 
AF 850 323.8  62.7 323.8  62.7 6.84E-05 000.5 323.8  62.7 1.049646 1.200074 0.464804 hargrave 2026-07-25 03:53:07 
AF 900 324.4  63.9 324.4  63.9 7.24E-05 000.6 324.4  63.9 1.220175 1.344836 0.497648 hargrave 2026-07-25 03:54:43 
AF 950 326.9  63.6 326.9  63.6 7.60E-05 000.6 326.9  63.6 1.213841 1.412700 0.489947 hargrave 2026-07-25 03:56:18 
AF1000 331.7  63.9 331.7  63.9 7.82E-05 000.6 331.7  63.9 1.383866 1.499336 0.496093 hargrave 2026-07-25 03:57:54 
AF1050 337.7  63.0 337.7  63.0 8.00E-05 000.6 337.7  63.0 1.351794 1.485032 0.512305 hargrave 2026-07-25 03:59:30 
AF1100 338.4  64.0 338.4  64.0 8.38E-05 000.6 338.4  64.0 1.472623 1.651556 0.566097 hargrave 2026-07-25 04:01:06 
AF1150 341.4  63.3 341.4  63.3 8.53E-05 000.6 341.4  63.3 1.481117 1.627314 0.592390 hargrave 2026-07-25 04:02:43 
AF1200 342.4  63.3 342.4  63.3 8.66E-05 000.6 342.4  63.3 1.553922 1.708526 0.558682 hargrave 2026-07-25 04:04:19 
AF1250 343.2  63.6 343.2  63.6 8.92E-05 000.6 343.2  63.6 1.543050 1.685736 0.514307 hargrave 2026-07-25 04:05:56 
AF1300 344.1  62.4 344.1  62.4 9.33E-05 000.6 344.1  62.4 1.552364 1.659587 0.580851 hargrave 2026-07-25 04:07:33 
