D6A- 1504a unoriented drill core
   1504  90.0   0.0  90.0   0.0  28.1
NRM    323.5  56.3 323.5  56.3 2.87E-03 000.7 323.5  56.3 82.56382 69.56257 30.65430 hargrave 2026-07-24 14:40:27 
NRM    330.6  56.9 330.6  56.9 2.91E-03 000.5 330.6  56.9 59.25063 54.60265 19.74031 hargrave 2026-07-24 19:47:04 
AF  10 329.1  57.8 329.1  57.8 2.88E-03 000.5 329.1  57.8 52.16559 54.83171 20.87284 hargrave 2026-07-24 19:48:39 
AF  20 327.9  61.2 327.9  61.2 2.78E-03 000.5 327.9  61.2 42.43278 51.02975 19.49387 hargrave 2026-07-24 19:50:13 
AF  30 326.9  65.2 326.9  65.2 2.57E-03 000.5 326.9  65.2 36.88295 47.46314 21.60386 hargrave 2026-07-24 19:51:47 
AF  40 325.9  68.0 325.9  68.0 2.13E-03 000.6 325.9  68.0 32.14195 42.78539 34.96244 hargrave 2026-07-24 19:53:22 
AF  50 324.7  69.8 324.7  69.8 1.76E-03 000.6 324.7  69.8 27.75720 37.97249 29.99861 hargrave 2026-07-24 19:54:57 
AF  75 319.4  74.1 319.4  74.1 1.02E-03 000.7 319.4  74.1 17.60818 25.66033 18.63853 hargrave 2026-07-24 19:56:32 
AF 100 315.7  76.9 315.7  76.9 6.28E-04 000.7 315.7  76.9 10.35038 16.39372 11.84652 hargrave 2026-07-24 19:59:03 
AF 125 305.7  78.3 305.7  78.3 4.10E-04 000.6 305.7  78.3 5.894317 10.58491 7.546742 hargrave 2026-07-24 20:00:38 
AF 150 293.3  79.5 293.3  79.5 2.79E-04 000.6 293.3  79.5 3.017165 6.900206 5.679378 hargrave 2026-07-24 20:02:13 
AF 175 286.5  78.8 286.5  78.8 1.99E-04 000.5 286.5  78.8 1.333587 4.431275 3.687437 hargrave 2026-07-24 20:05:40 
AF 200 277.7  79.3 277.7  79.3 1.44E-04 000.4 277.7  79.3 1.047959 2.886045 2.803699 hargrave 2026-07-24 20:09:06 
AF 225 272.5  78.5 272.5  78.5 1.07E-04 000.4 272.5  78.5 1.749173 1.583489 2.172452 hargrave 2026-07-24 20:12:32 
AF 250 284.6  77.8 284.6  77.8 8.44E-05 000.6 284.6  77.8 2.327051 0.564524 1.628669 hargrave 2026-07-24 20:15:59 
AF 275 274.9  76.8 274.9  76.8 6.68E-05 000.9 274.9  76.8 2.873498 0.232985 1.363491 hargrave 2026-07-24 20:19:25 
AF 300 287.4  70.0 287.4  70.0 5.73E-05 001.2 287.4  70.0 3.233695 0.461199 1.230487 hargrave 2026-07-24 20:22:51 
AF 350 300.2  65.2 300.2  65.2 4.35E-05 001.7 300.2  65.2 3.533562 1.102768 1.156590 hargrave 2026-07-24 20:26:18 
AF 400 303.5  63.0 303.5  63.0 3.24E-05 002.5 303.5  63.0 3.934180 1.315713 0.960311 hargrave 2026-07-24 20:29:44 
AF 450 308.9  60.4 308.9  60.4 2.95E-05 002.8 308.9  60.4 3.937436 1.471879 0.953771 hargrave 2026-07-24 20:33:11 
AF 500 346.7  53.5 346.7  53.5 2.69E-05 003.0 346.7  53.5 4.199309 1.804663 0.951558 hargrave 2026-07-24 20:36:37 
AF 550 324.4  42.7 324.4  42.7 3.16E-05 002.5 324.4  42.7 4.175455 1.743990 0.900735 hargrave 2026-07-24 20:40:13 
AF 600 333.4  44.9 333.4  44.9 2.69E-05 003.0 333.4  44.9 4.385793 1.898221 0.902852 hargrave 2026-07-24 20:43:40 
AF 650 317.5  36.2 317.5  36.2 3.03E-05 002.7 317.5  36.2 4.382878 1.989336 0.884699 hargrave 2026-07-24 20:47:06 
AF 700 332.6  40.6 332.6  40.6 2.72E-05 003.0 332.6  40.6 4.435056 2.217580 0.880376 hargrave 2026-07-24 20:50:33 
AF 750 322.8  36.5 322.8  36.5 2.87E-05 002.7 322.8  36.5 4.307910 1.974279 0.860920 hargrave 2026-07-24 20:53:59 
AF 800 332.8  34.0 332.8  34.0 2.82E-05 002.8 332.8  34.0 4.442964 2.269426 0.909235 hargrave 2026-07-24 20:57:25 
AF 850 358.8  30.8 358.8  30.8 2.45E-05 002.7 358.8  30.8 4.242197 2.001435 0.832339 hargrave 2026-07-24 20:59:56 
AF 900 325.7  27.8 325.7  27.8 2.89E-05 002.5 325.7  27.8 4.396852 2.006707 0.827211 hargrave 2026-07-24 21:01:32 
AF 950 349.1  27.3 349.1  27.3 2.27E-05 002.9 349.1  27.3 4.368429 2.069186 0.952206 hargrave 2026-07-24 21:04:03 
AF1000 010.9  28.8 010.9  28.8 2.56E-05 002.6 010.9  28.8 4.339468 2.195029 0.756496 hargrave 2026-07-24 21:05:39 
AF1050 340.6  30.7 340.6  30.7 2.21E-05 003.1 340.6  30.7 4.374991 2.003566 0.933408 hargrave 2026-07-24 21:07:15 
AF1100 320.0  23.2 320.0  23.2 2.97E-05 002.4 320.0  23.2 4.272536 2.007208 0.969610 hargrave 2026-07-24 21:10:43 
AF1150 341.7  29.5 341.7  29.5 2.69E-05 002.5 341.7  29.5 4.528792 2.148523 0.789655 hargrave 2026-07-24 21:13:14 
AF1200 334.2  30.9 334.2  30.9 2.99E-05 002.4 334.2  30.9 4.488156 2.210948 0.758601 hargrave 2026-07-24 21:14:51 
AF1250 326.7  28.9 326.7  28.9 2.67E-05 002.6 326.7  28.9 4.292763 2.268842 0.724665 hargrave 2026-07-24 21:18:18 
AF1300 340.8  27.6 340.8  27.6 3.00E-05 002.4 340.8  27.6 4.567237 2.348324 0.836790 hargrave 2026-07-24 21:20:51 
