D6A- 1465a unoriented drill core
 1465.5  90.0   0.0  90.0   0.0  26.4
NRM    161.9  82.1 161.9  82.1 2.16E-04 000.3 161.9  82.1 1.349622 2.645290 4.043483 hargrave 2026-07-24 14:36:37 
NRM    172.8  82.3 172.8  82.3 2.16E-04 000.5 172.8  82.3 3.078135 3.441387 4.121493 hargrave 2026-07-24 16:19:48 
AF  10 173.0  81.6 173.0  81.6 2.02E-04 000.5 173.0  81.6 2.910541 3.340813 3.953347 hargrave 2026-07-24 16:23:15 
AF  20 172.2  80.4 172.2  80.4 1.64E-04 000.6 172.2  80.4 2.518745 2.973361 3.579627 hargrave 2026-07-24 16:26:41 
AF  30 168.8  79.3 168.8  79.3 1.24E-04 000.6 168.8  79.3 2.040679 2.505241 3.073518 hargrave 2026-07-24 16:30:08 
AF  40 160.1  80.0 160.1  80.0 9.20E-05 000.6 160.1  80.0 1.534407 1.918842 2.549977 hargrave 2026-07-24 16:33:34 
AF  50 146.0  80.9 146.0  80.9 6.90E-05 000.7 146.0  80.9 1.188835 1.504056 2.181313 hargrave 2026-07-24 16:37:01 
AF  75 082.3  77.4 082.3  77.4 3.38E-05 000.8 082.3  77.4 0.619019 0.769893 1.648854 hargrave 2026-07-24 16:40:27 
AF 100 061.2  65.9 061.2  65.9 1.92E-05 001.2 061.2  65.9 0.565721 0.513232 1.648734 hargrave 2026-07-24 16:43:53 
AF 125 052.6  49.0 052.6  49.0 1.27E-05 002.2 052.6  49.0 0.675010 0.497342 1.666434 hargrave 2026-07-24 16:47:20 
AF 150 037.8  31.4 037.8  31.4 9.65E-06 003.3 037.8  31.4 0.699842 0.528086 1.680337 hargrave 2026-07-24 16:50:46 
AF 175 033.6  17.1 033.6  17.1 8.04E-06 004.6 033.6  17.1 0.714374 0.507591 1.742375 hargrave 2026-07-24 16:54:13 
AF 200 027.6 -00.3 027.6 -00.3 7.91E-06 005.1 027.6 -00.3 0.730014 0.532474 1.701001 hargrave 2026-07-24 16:57:40 
AF 225 016.2 -12.4 016.2 -12.4 7.99E-06 005.1 016.2 -12.4 0.690977 0.503247 1.696934 hargrave 2026-07-24 17:01:07 
AF 250 017.9 -19.8 017.9 -19.8 8.84E-06 004.7 017.9 -19.8 0.710001 0.508706 1.730921 hargrave 2026-07-24 17:04:33 
AF 275 010.9 -24.9 010.9 -24.9 8.73E-06 004.7 010.9 -24.9 0.697700 0.523837 1.680926 hargrave 2026-07-24 17:07:59 
AF 300 014.3 -37.0 014.3 -37.0 8.33E-06 004.9 014.3 -37.0 0.780841 0.547828 1.727204 hargrave 2026-07-24 17:11:26 
AF 350 006.4 -38.9 006.4 -38.9 9.39E-06 004.3 006.4 -38.9 0.699167 0.504931 1.745899 hargrave 2026-07-24 17:14:52 
AF 400 000.6 -38.7 000.6 -38.7 1.05E-05 003.8 000.6 -38.7 0.724409 0.508829 1.712151 hargrave 2026-07-24 17:18:18 
AF 450 354.9 -40.3 354.9 -40.3 1.15E-05 003.3 354.9 -40.3 0.666717 0.486038 1.685864 hargrave 2026-07-24 17:21:44 
AF 500 354.7 -43.4 354.7 -43.4 1.16E-05 003.3 354.7 -43.4 0.672976 0.494926 1.701192 hargrave 2026-07-24 17:25:10 
AF 550 349.9 -47.1 349.9 -47.1 1.14E-05 003.3 349.9 -47.1 0.686588 0.464101 1.692750 hargrave 2026-07-24 17:28:37 
AF 600 342.4 -50.6 342.4 -50.6 1.16E-05 003.2 342.4 -50.6 0.740394 0.515644 1.665651 hargrave 2026-07-24 17:32:03 
AF 650 342.0 -50.3 342.0 -50.3 1.33E-05 002.6 342.0 -50.3 0.649790 0.480325 1.641363 hargrave 2026-07-24 17:35:29 
AF 700 340.3 -52.6 340.3 -52.6 1.28E-05 002.7 340.3 -52.6 0.697547 0.496913 1.623964 hargrave 2026-07-24 17:38:55 
AF 750 339.6 -50.7 339.6 -50.7 1.37E-05 002.6 339.6 -50.7 0.727114 0.514244 1.623092 hargrave 2026-07-24 17:42:21 
AF 800 333.9 -52.8 333.9 -52.8 1.37E-05 002.6 333.9 -52.8 0.708201 0.494537 1.678322 hargrave 2026-07-24 17:45:47 
AF 850 332.8 -52.9 332.8 -52.9 1.38E-05 002.6 332.8 -52.9 0.714781 0.490945 1.688287 hargrave 2026-07-24 17:49:15 
AF 900 321.4 -52.9 321.4 -52.9 1.46E-05 002.4 321.4 -52.9 0.729717 0.505695 1.639651 hargrave 2026-07-24 17:52:42 
AF 950 323.7 -54.8 323.7 -54.8 1.52E-05 002.3 323.7 -54.8 0.744283 0.493647 1.674043 hargrave 2026-07-24 17:56:09 
AF1000 320.7 -53.3 320.7 -53.3 1.51E-05 002.3 320.7 -53.3 0.722892 0.545733 1.643720 hargrave 2026-07-24 17:59:37 
AF1050 322.0 -58.3 322.0 -58.3 1.62E-05 002.1 322.0 -58.3 0.734270 0.531094 1.652091 hargrave 2026-07-24 18:03:04 
AF1100 324.9 -58.6 324.9 -58.6 1.56E-05 002.2 324.9 -58.6 0.755770 0.540990 1.629898 hargrave 2026-07-24 18:06:35 
AF1150 322.8 -57.4 322.8 -57.4 1.62E-05 002.1 322.8 -57.4 0.751994 0.519538 1.619589 hargrave 2026-07-24 18:10:03 
AF1200 325.7 -56.3 325.7 -56.3 1.61E-05 002.1 325.7 -56.3 0.735385 0.502397 1.651271 hargrave 2026-07-24 18:13:31 
AF1250 327.3 -58.1 327.3 -58.1 1.65E-05 002.1 327.3 -58.1 0.741336 0.520475 1.634179 hargrave 2026-07-24 18:16:59 
AF1300 321.2 -57.5 321.2 -57.5 1.63E-05 002.0 321.2 -57.5 0.737959 0.505008 1.574866 hargrave 2026-07-24 18:20:28 
