D6A- 1509a unoriented drill core
   1509  90.0   0.0  90.0   0.0  24.9
NRM    140.8  01.5 140.8  01.5 2.00E-03 001.3 140.8  01.5 145.7041 126.3318 48.13860 hargrave 2026-07-24 21:22:28 
AF  10 141.1  01.3 141.1  01.3 1.92E-03 001.2 141.1  01.3 139.7996 118.0830 47.19539 hargrave 2026-07-24 21:24:03 
AF  20 141.2  00.7 141.2  00.7 1.74E-03 001.2 141.2  00.7 129.7967 109.1825 44.14766 hargrave 2026-07-24 21:25:38 
AF  30 141.5 -00.3 141.5 -00.3 1.52E-03 001.3 141.5 -00.3 118.1220 99.37953 39.20217 hargrave 2026-07-24 21:27:13 
AF  40 141.6 -01.0 141.6 -01.0 1.26E-03 001.3 141.6 -01.0 101.0256 84.72265 32.60837 hargrave 2026-07-24 21:28:49 
AF  50 141.9 -01.8 141.9 -01.8 1.06E-03 001.3 141.9 -01.8 88.20066 72.98034 27.98691 hargrave 2026-07-24 21:30:24 
AF  75 142.2 -03.2 142.2 -03.2 6.45E-04 001.4 142.2 -03.2 56.54655 47.81335 17.14992 hargrave 2026-07-24 21:31:59 
AF 100 142.6 -04.0 142.6 -04.0 4.05E-04 001.4 142.6 -04.0 37.96464 31.77771 10.86478 hargrave 2026-07-24 21:35:25 
AF 125 143.1 -04.2 143.1 -04.2 2.71E-04 001.5 143.1 -04.2 26.20346 21.84014 7.442864 hargrave 2026-07-24 21:38:51 
AF 150 144.2 -04.6 144.2 -04.6 1.90E-04 001.5 144.2 -04.6 18.75026 15.60481 5.017201 hargrave 2026-07-24 21:41:21 
AF 175 145.0 -04.9 145.0 -04.9 1.38E-04 001.5 145.0 -04.9 13.58398 11.24199 3.640380 hargrave 2026-07-24 21:43:52 
AF 200 146.7 -05.2 146.7 -05.2 1.03E-04 001.5 146.7 -05.2 10.02131 8.202004 2.609121 hargrave 2026-07-24 21:45:27 
AF 225 148.1 -03.4 148.1 -03.4 7.68E-05 001.5 148.1 -03.4 7.448366 6.192703 2.001991 hargrave 2026-07-24 21:47:02 
AF 250 150.4 -03.7 150.4 -03.7 6.00E-05 001.5 150.4 -03.7 5.762944 4.651245 1.506443 hargrave 2026-07-24 21:48:37 
AF 275 152.4 -03.7 152.4 -03.7 4.63E-05 001.5 152.4 -03.7 4.508548 3.581853 1.149956 hargrave 2026-07-24 21:50:12 
AF 300 153.3 -01.8 153.3 -01.8 3.72E-05 001.6 153.3 -01.8 3.536783 2.835184 0.995121 hargrave 2026-07-24 21:51:47 
AF 350 158.0 -03.7 158.0 -03.7 2.78E-05 001.4 158.0 -03.7 2.288828 1.749566 0.699591 hargrave 2026-07-24 21:53:22 
AF 400 159.6 -00.6 159.6 -00.6 2.06E-05 001.6 159.6 -00.6 1.666459 1.322880 0.597846 hargrave 2026-07-24 21:54:57 
AF 450 155.0 -00.5 155.0 -00.5 1.88E-05 001.4 155.0 -00.5 1.309534 1.074969 0.488769 hargrave 2026-07-24 21:57:27 
AF 500 162.4 -05.7 162.4 -05.7 1.69E-05 001.5 162.4 -05.7 1.198891 0.996827 0.515076 hargrave 2026-07-24 21:59:02 
AF 550 157.7 -07.7 157.7 -07.7 1.77E-05 001.4 157.7 -07.7 1.090006 0.860253 0.533457 hargrave 2026-07-24 22:00:37 
AF 600 157.1 -14.9 157.1 -14.9 1.73E-05 001.4 157.1 -14.9 0.950828 0.795778 0.510722 hargrave 2026-07-24 22:02:12 
AF 650 153.5 -17.7 153.5 -17.7 1.74E-05 001.3 153.5 -17.7 0.909360 0.735298 0.485967 hargrave 2026-07-24 22:03:47 
AF 700 158.9 -18.3 158.9 -18.3 1.72E-05 001.3 158.9 -18.3 0.922851 0.739430 0.440087 hargrave 2026-07-24 22:05:22 
AF 750 157.0 -20.1 157.0 -20.1 1.64E-05 001.3 157.0 -20.1 0.869631 0.718152 0.491906 hargrave 2026-07-24 22:06:57 
AF 800 154.3 -24.0 154.3 -24.0 1.71E-05 001.3 154.3 -24.0 0.856202 0.649478 0.518972 hargrave 2026-07-24 22:08:32 
AF 850 160.4 -29.1 160.4 -29.1 1.65E-05 001.2 160.4 -29.1 0.745837 0.612464 0.481299 hargrave 2026-07-24 22:10:07 
AF 900 153.4 -27.8 153.4 -27.8 1.75E-05 001.2 153.4 -27.8 0.837890 0.631711 0.487560 hargrave 2026-07-24 22:11:42 
AF 950 152.4 -29.9 152.4 -29.9 1.93E-05 001.2 152.4 -29.9 0.894708 0.723369 0.563291 hargrave 2026-07-24 22:13:18 
AF1000 158.0 -34.0 158.0 -34.0 1.90E-05 001.1 158.0 -34.0 0.810763 0.620620 0.509128 hargrave 2026-07-24 22:14:53 
AF1050 156.4 -32.7 156.4 -32.7 1.98E-05 001.1 156.4 -32.7 0.768838 0.657034 0.586837 hargrave 2026-07-24 22:16:29 
AF1100 161.6 -33.4 161.6 -33.4 1.92E-05 001.2 161.6 -33.4 0.864588 0.699688 0.530944 hargrave 2026-07-24 22:19:01 
AF1150 158.6 -32.5 158.6 -32.5 1.97E-05 001.2 158.6 -32.5 0.884084 0.667798 0.599980 hargrave 2026-07-24 22:20:37 
AF1200 157.9 -32.1 157.9 -32.1 2.13E-05 001.0 157.9 -32.1 0.750654 0.618198 0.597056 hargrave 2026-07-24 22:22:13 
AF1250 157.2 -33.0 157.2 -33.0 1.92E-05 001.2 157.2 -33.0 0.861283 0.696195 0.522723 hargrave 2026-07-24 22:23:50 
AF1300 158.3 -40.0 158.3 -40.0 1.90E-05 001.2 158.3 -40.0 0.787898 0.645158 0.607127 hargrave 2026-07-24 22:25:26 
