D6A- 1592a unoriented drill core
   1592  90.0   0.0  90.0   0.0  24.9
NRM    141.9  70.0 141.9  70.0 2.73E-04 001.1 141.9  70.0 7.416902 10.09997 5.078491 hargrave 2026-07-25 02:01:42 
AF  10 142.5  69.3 142.5  69.3 2.63E-04 001.1 142.5  69.3 7.111483 9.774972 5.018758 hargrave 2026-07-25 02:03:17 
AF  20 141.2  67.2 141.2  67.2 2.37E-04 001.2 141.2  67.2 6.643850 9.170756 4.939621 hargrave 2026-07-25 02:04:51 
AF  30 139.0  64.2 139.0  64.2 2.07E-04 001.2 139.0  64.2 6.089673 8.457225 4.758677 hargrave 2026-07-25 02:06:26 
AF  40 136.2  61.1 136.2  61.1 1.82E-04 001.3 136.2  61.1 5.568120 7.736083 4.573004 hargrave 2026-07-25 02:08:00 
AF  50 134.2  57.7 134.2  57.7 1.62E-04 001.3 134.2  57.7 5.089094 7.122726 4.345854 hargrave 2026-07-25 02:09:35 
AF  75 128.5  50.7 128.5  50.7 1.29E-04 001.4 128.5  50.7 4.187977 5.888215 3.800345 hargrave 2026-07-25 02:11:09 
AF 100 124.6  46.5 124.6  46.5 1.12E-04 001.4 124.6  46.5 3.678136 5.217174 3.412132 hargrave 2026-07-25 02:12:44 
AF 125 121.7  43.9 121.7  43.9 1.02E-04 001.5 121.7  43.9 3.330651 4.777899 3.120625 hargrave 2026-07-25 02:14:19 
AF 150 119.8  42.3 119.8  42.3 9.43E-05 001.5 119.8  42.3 3.102660 4.439416 2.969771 hargrave 2026-07-25 02:15:53 
AF 175 117.9  41.0 117.9  41.0 8.81E-05 001.5 117.9  41.0 2.873131 4.165020 2.812938 hargrave 2026-07-25 02:17:28 
AF 200 116.1  40.2 116.1  40.2 8.36E-05 001.5 116.1  40.2 2.765162 3.987571 2.620191 hargrave 2026-07-25 02:19:02 
AF 225 114.8  39.4 114.8  39.4 7.87E-05 001.5 114.8  39.4 2.617972 3.771468 2.499867 hargrave 2026-07-25 02:20:37 
AF 250 113.6  39.2 113.6  39.2 7.51E-05 001.5 113.6  39.2 2.523107 3.619150 2.446787 hargrave 2026-07-25 02:22:11 
AF 275 113.0  39.2 113.0  39.2 7.15E-05 001.5 113.0  39.2 2.359607 3.479478 2.364671 hargrave 2026-07-25 02:23:46 
AF 300 111.3  38.8 111.3  38.8 6.86E-05 001.5 111.3  38.8 2.328195 3.411749 2.271891 hargrave 2026-07-25 02:25:20 
AF 350 108.9  39.0 108.9  39.0 6.38E-05 001.5 108.9  39.0 2.145429 3.140247 2.136725 hargrave 2026-07-25 02:26:55 
AF 400 107.3  38.9 107.3  38.9 5.99E-05 001.5 107.3  38.9 2.013103 3.012317 2.046341 hargrave 2026-07-25 02:28:30 
AF 450 106.5  39.7 106.5  39.7 5.67E-05 001.6 106.5  39.7 1.940477 2.863755 1.918679 hargrave 2026-07-25 02:30:04 
AF 500 106.3  40.2 106.3  40.2 5.40E-05 001.5 106.3  40.2 1.830309 2.741936 1.790837 hargrave 2026-07-25 02:31:39 
AF 550 105.1  40.9 105.1  40.9 5.25E-05 001.5 105.1  40.9 1.775147 2.632724 1.768652 hargrave 2026-07-25 02:33:14 
AF 600 103.2  41.8 103.2  41.8 5.05E-05 001.5 103.2  41.8 1.720344 2.566444 1.631283 hargrave 2026-07-25 02:34:49 
AF 650 101.1  42.9 101.1  42.9 4.89E-05 001.5 101.1  42.9 1.681471 2.465722 1.566295 hargrave 2026-07-25 02:36:24 
AF 700 102.6  43.0 102.6  43.0 4.77E-05 001.5 102.6  43.0 1.605005 2.365656 1.487335 hargrave 2026-07-25 02:37:59 
AF 750 099.5  44.5 099.5  44.5 4.67E-05 001.5 099.5  44.5 1.514773 2.305726 1.370449 hargrave 2026-07-25 02:39:34 
AF 800 099.2  44.9 099.2  44.9 4.42E-05 001.5 099.2  44.9 1.432314 2.155648 1.285548 hargrave 2026-07-25 02:41:09 
AF 850 098.9  46.7 098.9  46.7 4.28E-05 001.5 098.9  46.7 1.408161 2.126615 1.185161 hargrave 2026-07-25 02:42:45 
AF 900 099.0  47.6 099.0  47.6 4.09E-05 001.5 099.0  47.6 1.338173 2.017047 1.146085 hargrave 2026-07-25 02:44:20 
AF 950 097.7  49.1 097.7  49.1 3.94E-05 001.5 097.7  49.1 1.279692 1.936856 1.077893 hargrave 2026-07-25 02:45:56 
AF1000 096.4  48.6 096.4  48.6 3.82E-05 001.4 096.4  48.6 1.236169 1.863031 1.018420 hargrave 2026-07-25 02:47:31 
AF1050 094.3  50.0 094.3  50.0 3.66E-05 001.4 094.3  50.0 1.165527 1.765378 0.881151 hargrave 2026-07-25 02:49:07 
AF1100 091.9  49.8 091.9  49.8 3.57E-05 001.3 091.9  49.8 1.100132 1.665861 0.809014 hargrave 2026-07-25 02:50:43 
AF1150 092.6  50.8 092.6  50.8 3.50E-05 001.3 092.6  50.8 1.073480 1.575922 0.707673 hargrave 2026-07-25 02:52:20 
AF1200 092.3  51.5 092.3  51.5 3.34E-05 001.3 092.3  51.5 1.053405 1.538056 0.693767 hargrave 2026-07-25 02:54:52 
AF1250 090.6  53.5 090.6  53.5 3.19E-05 001.3 090.6  53.5 0.982990 1.471718 0.593226 hargrave 2026-07-25 02:56:29 
AF1300 090.7  54.0 090.7  54.0 3.12E-05 001.3 090.7  54.0 0.987613 1.411812 0.565411 hargrave 2026-07-25 02:58:07 
