D6A- 1500a unoriented drill core
   1500  90.0   0.0  90.0   0.0  27.8
NRM    226.9  23.4 226.9  23.4 6.87E-03 013.5 226.9  23.4 4891.629 4815.440 69.82178 hargrave 2026-07-24 18:24:00 
AF  10 227.0  23.2 227.0  23.2 6.74E-03 013.3 227.0  23.2 4719.985 4636.292 71.86675 hargrave 2026-07-24 18:27:27 
AF  20 227.3  23.1 227.3  23.1 6.32E-03 012.6 227.3  23.1 4162.215 4100.334 73.59403 hargrave 2026-07-24 18:30:54 
AF  30 228.1  23.1 228.1  23.1 5.82E-03 011.4 228.1  23.1 3402.922 3347.012 75.69310 hargrave 2026-07-24 18:34:21 
AF  40 228.8  24.2 228.8  24.2 5.17E-03 010.0 228.8  24.2 2580.517 2535.450 99.45149 hargrave 2026-07-24 18:37:49 
AF  50 229.6  25.3 229.6  25.3 4.64E-03 008.4 229.6  25.3 1909.574 1883.729 183.8445 hargrave 2026-07-24 18:41:16 
AF  75 232.3  26.3 232.3  26.3 3.20E-03 001.1 232.3  26.3 82.76629 209.5944 39.72841 hargrave 2026-07-24 18:42:51 
AF 100 234.2  24.7 234.2  24.7 2.09E-03 000.5 234.2  24.7 38.13073 85.94238 25.25246 hargrave 2026-07-24 18:44:26 
AF 125 235.7  24.4 235.7  24.4 1.37E-03 000.5 235.7  24.4 26.12555 60.36567 15.85341 hargrave 2026-07-24 18:46:02 
AF 150 237.1  24.5 237.1  24.5 9.11E-04 000.5 237.1  24.5 17.93499 42.00702 10.01125 hargrave 2026-07-24 18:47:37 
AF 175 238.2  25.3 238.2  25.3 6.06E-04 000.5 238.2  25.3 12.64372 29.20670 6.373091 hargrave 2026-07-24 18:51:03 
AF 200 239.2  26.5 239.2  26.5 4.10E-04 000.6 239.2  26.5 8.944027 20.10007 4.032060 hargrave 2026-07-24 18:54:29 
AF 225 240.0  27.8 240.0  27.8 2.78E-04 000.6 240.0  27.8 6.083358 13.73687 2.807950 hargrave 2026-07-24 18:57:54 
AF 250 240.0  29.9 240.0  29.9 1.92E-04 000.6 240.0  29.9 4.317727 9.282342 1.909929 hargrave 2026-07-24 19:01:20 
AF 275 240.1  31.4 240.1  31.4 1.32E-04 000.6 240.1  31.4 3.136656 6.270466 1.302489 hargrave 2026-07-24 19:04:45 
AF 300 237.7  35.1 237.7  35.1 9.13E-05 000.7 237.7  35.1 2.258371 4.401990 0.910541 hargrave 2026-07-24 19:08:11 
AF 350 232.2  39.3 232.2  39.3 5.00E-05 000.8 232.2  39.3 1.592294 2.529806 0.605860 hargrave 2026-07-24 19:11:35 
AF 400 219.8  44.7 219.8  44.7 2.66E-05 000.9 219.8  44.7 1.100105 1.414079 0.547273 hargrave 2026-07-24 19:14:05 
AF 450 190.3  36.2 190.3  36.2 2.07E-05 000.9 190.3  36.2 1.044896 0.896916 0.407257 hargrave 2026-07-24 19:15:40 
AF 500 171.4  28.8 171.4  28.8 1.57E-05 001.0 171.4  28.8 0.725432 0.598735 0.430653 hargrave 2026-07-24 19:17:15 
AF 550 180.1  10.2 180.1  10.2 1.30E-05 000.9 180.1  10.2 0.610960 0.520578 0.318132 hargrave 2026-07-24 19:18:49 
AF 600 180.0  03.8 180.0  03.8 1.51E-05 000.7 180.0  03.8 0.432989 0.450441 0.219780 hargrave 2026-07-24 19:20:24 
AF 650 172.3 -10.0 172.3 -10.0 1.60E-05 000.7 172.3 -10.0 0.480317 0.498785 0.204647 hargrave 2026-07-24 19:21:58 
AF 700 157.3 -05.0 157.3 -05.0 1.85E-05 000.6 157.3 -05.0 0.581475 0.257012 0.328810 hargrave 2026-07-24 19:23:33 
AF 750 151.9 -10.4 151.9 -10.4 1.54E-05 000.8 151.9 -10.4 0.530219 0.330541 0.354002 hargrave 2026-07-24 19:25:08 
AF 800 160.7 -18.4 160.7 -18.4 1.97E-05 000.6 160.7 -18.4 0.335916 0.403491 0.345892 hargrave 2026-07-24 19:26:43 
AF 850 157.6 -17.9 157.6 -17.9 2.30E-05 000.6 157.6 -17.9 0.542376 0.590887 0.347219 hargrave 2026-07-24 19:30:09 
AF 900 164.7 -19.7 164.7 -19.7 1.93E-05 000.5 164.7 -19.7 0.457745 0.389204 0.309183 hargrave 2026-07-24 19:32:39 
AF 950 155.7 -23.7 155.7 -23.7 2.22E-05 000.5 155.7 -23.7 0.260919 0.359100 0.309601 hargrave 2026-07-24 19:34:14 
AF1000 148.9 -19.4 148.9 -19.4 2.37E-05 000.6 148.9 -19.4 0.574437 0.498997 0.249703 hargrave 2026-07-24 19:35:49 
AF1050 156.5 -22.3 156.5 -22.3 2.21E-05 000.5 156.5 -22.3 0.525923 0.432791 0.283482 hargrave 2026-07-24 19:37:25 
AF1100 163.3 -21.6 163.3 -21.6 2.10E-05 000.5 163.3 -21.6 0.407493 0.376912 0.176735 hargrave 2026-07-24 19:39:01 
AF1150 190.6 -23.7 190.6 -23.7 2.22E-05 000.3 190.6 -23.7 0.277742 0.380364 0.193884 hargrave 2026-07-24 19:40:37 
AF1200 166.2 -28.5 166.2 -28.5 2.43E-05 000.5 166.2 -28.5 0.495928 0.535856 0.220337 hargrave 2026-07-24 19:42:13 
AF1250 164.3 -22.8 164.3 -22.8 2.32E-05 000.4 164.3 -22.8 0.467368 0.342208 0.246295 hargrave 2026-07-24 19:43:49 
AF1300 142.8 -15.8 142.8 -15.8 2.95E-05 000.4 142.8 -15.8 0.504324 0.370931 0.425645 hargrave 2026-07-24 19:45:26 
