D6A- 1581a unoriented drill core
   1581  90.0   0.0  90.0   0.0  21.1
NRM    252.1  79.8 252.1  79.8 5.95E-04 000.4 252.1  79.8 5.880359 6.621194 2.944698 hargrave 2026-07-25 00:34:48 
AF  10 246.0  80.2 246.0  80.2 5.44E-04 000.4 246.0  80.2 5.326729 6.229507 3.078267 hargrave 2026-07-25 00:38:16 
AF  20 230.3  81.3 230.3  81.3 4.35E-04 000.4 230.3  81.3 4.645124 5.703221 3.151881 hargrave 2026-07-25 00:40:47 
AF  30 210.4  81.8 210.4  81.8 3.26E-04 000.5 210.4  81.8 3.932733 4.854076 2.949769 hargrave 2026-07-25 00:42:22 
AF  40 188.5  81.2 188.5  81.2 2.46E-04 000.5 188.5  81.2 3.210115 3.996094 2.629940 hargrave 2026-07-25 00:43:57 
AF  50 171.3  79.6 171.3  79.6 1.86E-04 000.6 171.3  79.6 2.608155 3.224951 2.283512 hargrave 2026-07-25 00:45:33 
AF  75 145.1  73.1 145.1  73.1 9.74E-05 000.6 145.1  73.1 1.550226 1.825480 1.538311 hargrave 2026-07-25 00:47:08 
AF 100 133.0  67.6 133.0  67.6 6.43E-05 000.6 133.0  67.6 1.039911 1.190747 1.074374 hargrave 2026-07-25 00:48:43 
AF 125 127.6  63.5 127.6  63.5 4.72E-05 000.6 127.6  63.5 0.818059 0.861660 0.769552 hargrave 2026-07-25 00:50:18 
AF 150 123.3  58.7 123.3  58.7 3.74E-05 000.7 123.3  58.7 0.680782 0.724300 0.616685 hargrave 2026-07-25 00:51:53 
AF 175 119.9  57.2 119.9  57.2 3.06E-05 000.6 119.9  57.2 0.514047 0.538547 0.459452 hargrave 2026-07-25 00:53:29 
AF 200 116.8  53.8 116.8  53.8 2.56E-05 000.6 116.8  53.8 0.423513 0.430967 0.393136 hargrave 2026-07-25 00:55:04 
AF 225 113.7  51.2 113.7  51.2 2.24E-05 000.6 113.7  51.2 0.368553 0.388424 0.300386 hargrave 2026-07-25 00:56:39 
AF 250 110.7  50.3 110.7  50.3 1.96E-05 000.6 110.7  50.3 0.293110 0.314629 0.240250 hargrave 2026-07-25 00:58:14 
AF 275 110.0  52.5 110.0  52.5 1.78E-05 000.6 110.0  52.5 0.280087 0.279964 0.253140 hargrave 2026-07-25 00:59:49 
AF 300 114.3  49.5 114.3  49.5 1.61E-05 000.6 114.3  49.5 0.285741 0.269058 0.193088 hargrave 2026-07-25 01:01:25 
AF 350 105.3  52.4 105.3  52.4 1.42E-05 000.5 105.3  52.4 0.208851 0.234224 0.170619 hargrave 2026-07-25 01:03:00 
AF 400 106.3  48.4 106.3  48.4 1.21E-05 000.6 106.3  48.4 0.200827 0.201690 0.129431 hargrave 2026-07-25 01:04:35 
AF 450 091.9  56.7 091.9  56.7 9.91E-06 000.5 091.9  56.7 0.126992 0.123511 0.080607 hargrave 2026-07-25 01:06:10 
AF 500 086.6  54.0 086.6  54.0 9.20E-06 000.6 086.6  54.0 0.155698 0.143607 0.104107 hargrave 2026-07-25 01:07:45 
AF 550 084.0  57.6 084.0  57.6 8.37E-06 000.6 084.0  57.6 0.142682 0.124214 0.045625 hargrave 2026-07-25 01:09:21 
AF 600 067.0  54.4 067.0  54.4 8.29E-06 000.5 067.0  54.4 0.097628 0.141840 0.092088 hargrave 2026-07-25 01:10:56 
AF 650 045.4  54.3 045.4  54.3 7.75E-06 000.4 045.4  54.3 0.065729 0.073041 0.076907 hargrave 2026-07-25 01:14:23 
AF 700 054.3  60.3 054.3  60.3 7.95E-06 000.4 054.3  60.3 0.087739 0.089356 0.038254 hargrave 2026-07-25 01:17:51 
AF 750 040.2  55.3 040.2  55.3 7.03E-06 000.5 040.2  55.3 0.052725 0.122070 0.030059 hargrave 2026-07-25 01:21:18 
AF 800 051.5  61.0 051.5  61.0 6.07E-06 000.5 051.5  61.0 0.073240 0.082429 0.047462 hargrave 2026-07-25 01:24:45 
AF 850 039.7  49.8 039.7  49.8 6.04E-06 000.6 039.7  49.8 0.081027 0.088427 0.044365 hargrave 2026-07-25 01:28:12 
AF 900 036.6  53.4 036.6  53.4 6.67E-06 000.4 036.6  53.4 0.051841 0.076187 0.077123 hargrave 2026-07-25 01:31:38 
AF 950 029.0  49.0 029.0  49.0 6.77E-06 000.4 029.0  49.0 0.060173 0.056710 0.036873 hargrave 2026-07-25 01:35:03 
AF1000 032.5  50.8 032.5  50.8 6.10E-06 000.4 032.5  50.8 0.048442 0.053671 0.039110 hargrave 2026-07-25 01:38:30 
AF1050 017.4  56.8 017.4  56.8 6.41E-06 000.5 017.4  56.8 0.080213 0.069429 0.034103 hargrave 2026-07-25 01:41:56 
AF1100 019.9  48.7 019.9  48.7 6.05E-06 000.5 019.9  48.7 0.073939 0.068393 0.056303 hargrave 2026-07-25 01:45:22 
AF1150 029.7  37.4 029.7  37.4 6.03E-06 000.5 029.7  37.4 0.053013 0.080107 0.066449 hargrave 2026-07-25 01:48:49 
AF1200 026.8  36.9 026.8  36.9 6.11E-06 000.3 026.8  36.9 0.043561 0.054985 0.033981 hargrave 2026-07-25 01:52:16 
AF1250 023.0  38.6 023.0  38.6 6.93E-06 000.2 023.0  38.6 0.032228 0.050313 0.025172 hargrave 2026-07-25 01:55:43 
AF1300 015.8  44.4 015.8  44.4 5.75E-06 000.4 015.8  44.4 0.063855 0.056866 0.034918 hargrave 2026-07-25 01:59:10 
