SL- 16a mag compass orientation (IGRF corrected)
 710.75  -3.9   0.0   0.0   0.0   0.0
NRM    269.6  10.5 269.6  10.5 6.28E-03 000.4 003.5  10.5 3.197188 3.060188 2.473384 hargrave 2019-05-31 19:16:32 
AF  10 267.2  10.6 267.2  10.6 5.41E-03 000.3 001.1  10.6 3.022558 2.299073 2.044802 hargrave 2019-05-31 19:17:53 
AF  20 266.8  08.7 266.8  08.7 4.02E-03 000.3 000.7  08.7 2.194020 1.760347 1.490879 hargrave 2019-05-31 19:19:14 
AF  30 267.4  04.5 267.4  04.5 2.86E-03 000.4 001.3  04.5 1.525139 1.406266 1.048957 hargrave 2019-05-31 19:20:37 
AF  40 268.6 -02.4 268.6 -02.4 1.91E-03 000.4 002.5 -02.4 0.919048 0.927821 0.680555 hargrave 2019-05-31 19:22:01 
AF  50 269.7 -10.2 269.7 -10.2 1.41E-03 000.3 003.6 -10.2 0.627513 0.659833 0.491058 hargrave 2019-05-31 19:23:28 
AF  60 271.4 -19.5 271.4 -19.5 1.05E-03 000.2 005.3 -19.5 0.362988 0.269028 0.357536 hargrave 2019-05-31 19:24:52 
AF  70 273.4 -29.3 273.4 -29.3 8.26E-04 000.3 007.3 -29.3 0.267000 0.219528 0.277536 hargrave 2019-05-31 19:26:12 
AF  80 274.7 -37.5 274.7 -37.5 6.88E-04 000.4 008.6 -37.5 0.282255 0.334965 0.223423 hargrave 2019-05-31 19:27:37 
AF  90 279.0 -46.7 279.0 -46.7 5.93E-04 000.3 012.9 -46.7 0.210154 0.212413 0.179769 hargrave 2019-05-31 19:28:57 
AF 100 281.8 -51.2 281.8 -51.2 5.50E-04 000.3 015.7 -51.2 0.191295 0.211732 0.171882 hargrave 2019-05-31 19:30:17 
AF 120 285.3 -62.6 285.3 -62.6 4.51E-04 000.4 019.2 -62.6 0.187276 0.219062 0.123640 hargrave 2019-05-31 19:31:37 
AF 140 285.8 -66.4 285.8 -66.4 3.89E-04 000.4 019.7 -66.4 0.199929 0.196280 0.107992 hargrave 2019-05-31 19:32:57 
AF 160 301.0 -67.5 301.0 -67.5 3.25E-04 000.4 034.9 -67.5 0.137095 0.177198 0.092720 hargrave 2019-05-31 19:34:17 
AF 180 296.1 -66.9 296.1 -66.9 2.97E-04 000.4 030.0 -66.9 0.154996 0.164803 0.081835 hargrave 2019-05-31 19:35:41 
AF 200 319.0 -67.3 319.0 -67.3 2.55E-04 000.4 052.9 -67.3 0.107203 0.131726 0.061686 hargrave 2019-05-31 19:37:01 
AF 220 307.7 -67.8 307.7 -67.8 2.05E-04 000.5 041.6 -67.8 0.092375 0.133324 0.067136 hargrave 2019-05-31 19:38:25 
AF 240 291.2 -64.7 291.2 -64.7 2.01E-04 000.6 025.1 -64.7 0.124796 0.145633 0.074608 hargrave 2019-05-31 19:39:46 
AF 260 309.1 -64.4 309.1 -64.4 1.75E-04 000.6 043.0 -64.4 0.135780 0.139344 0.062444 hargrave 2019-05-31 19:41:13 
AF 280 312.4 -69.0 312.4 -69.0 1.45E-04 000.6 046.3 -69.0 0.089160 0.099521 0.068325 hargrave 2019-05-31 19:42:33 
AF 300 302.8 -64.5 302.8 -64.5 1.62E-04 000.7 036.7 -64.5 0.111292 0.133701 0.069979 hargrave 2019-05-31 19:43:57 
AF 320 278.5 -83.0 278.5 -83.0 1.46E-04 000.8 012.4 -83.0 0.122996 0.156651 0.048681 hargrave 2019-05-31 19:45:18 
AF 340 332.4 -80.8 332.4 -80.8 1.54E-04 000.4 066.3 -80.8 0.022647 0.111168 0.045781 hargrave 2019-05-31 19:46:38 
AF 360 321.1 -51.4 321.1 -51.4 1.29E-04 000.6 055.0 -51.4 0.103675 0.069673 0.077957 hargrave 2019-05-31 19:47:59 
AF 380 357.0 -71.4 357.0 -71.4 1.17E-04 000.7 090.9 -71.4 0.106898 0.084947 0.059895 hargrave 2019-05-31 19:49:19 
AF 400 000.7 -77.3 000.7 -77.3 1.05E-04 000.7 094.6 -77.3 0.066576 0.114105 0.038262 hargrave 2019-05-31 19:50:39 
AF 420 037.2 -70.9 037.2 -70.9 1.11E-04 000.7 131.1 -70.9 0.063341 0.123778 0.043629 hargrave 2019-05-31 19:52:03 
AF 440 315.8 -82.5 315.8 -82.5 1.38E-04 000.7 049.7 -82.5 0.097027 0.142419 0.040969 hargrave 2019-05-31 19:54:24 
AF 460 024.1 -78.6 024.1 -78.6 1.25E-04 000.7 118.0 -78.6 0.083727 0.117585 0.039686 hargrave 2019-05-31 19:55:44 
AF 480 068.0 -86.6 068.0 -86.6 1.13E-04 000.8 161.9 -86.6 0.125226 0.104458 0.015628 hargrave 2019-05-31 19:57:05 
AF 500 255.9 -60.4 255.9 -60.4 9.66E-05 000.7 349.8 -60.4 0.111415 0.071413 0.055028 hargrave 2019-05-31 19:58:26 
AF 520 023.3 -79.8 023.3 -79.8 1.09E-04 000.6 117.2 -79.8 0.094839 0.048998 0.020069 hargrave 2019-05-31 19:59:46 
AF 540 233.6 -73.0 233.6 -73.0 9.54E-05 001.2 327.5 -73.0 0.155652 0.141799 0.031585 hargrave 2019-05-31 20:01:10 
AF 560 027.1 -82.4 027.1 -82.4 1.15E-04 000.3 121.0 -82.4 0.049948 0.044153 0.026500 hargrave 2019-05-31 20:02:30 
AF 580 347.4 -78.6 347.4 -78.6 1.16E-04 000.4 081.3 -78.6 0.041283 0.068021 0.045762 hargrave 2019-05-31 20:03:50 
AF 600 027.5 -77.1 027.5 -77.1 9.22E-05 000.9 121.4 -77.1 0.101854 0.094226 0.042340 hargrave 2019-05-31 20:05:11 
AF 620 021.9 -68.2 021.9 -68.2 1.11E-04 000.7 115.8 -68.2 0.085718 0.110313 0.024380 hargrave 2019-05-31 20:06:31 
AF 640 257.2 -84.5 257.2 -84.5 1.19E-04 000.9 351.1 -84.5 0.128372 0.145507 0.026059 hargrave 2019-05-31 20:07:51 
AF 660 225.4 -82.2 225.4 -82.2 1.23E-04 000.6 319.3 -82.2 0.091803 0.092781 0.046141 hargrave 2019-05-31 20:09:11 
AF 680 040.9 -82.6 040.9 -82.6 1.30E-04 000.4 134.8 -82.6 0.068418 0.052837 0.029321 hargrave 2019-05-31 20:10:32 
AF 700 265.2 -86.2 265.2 -86.2 1.54E-04 000.5 359.1 -86.2 0.091828 0.097411 0.034897 hargrave 2019-05-31 20:11:56 
AF 720 072.2 -75.7 072.2 -75.7 1.84E-04 000.3 166.1 -75.7 0.101709 0.050225 0.026653 hargrave 2019-05-31 20:13:24 
AF 740 002.0 -83.7 002.0 -83.7 1.78E-04 000.6 095.9 -83.7 0.087112 0.160486 0.038623 hargrave 2019-05-31 20:14:44 
AF 760 088.4 -78.6 088.4 -78.6 1.96E-04 000.7 182.3 -78.6 0.148539 0.179629 0.026528 hargrave 2019-05-31 20:16:09 
AF 780 299.0 -76.5 299.0 -76.5 2.31E-04 000.6 032.9 -76.5 0.138643 0.183114 0.066097 hargrave 2019-05-31 20:17:29 
AF 800 303.5 -87.1 303.5 -87.1 2.03E-04 000.4 037.4 -87.1 0.098268 0.098970 0.047246 hargrave 2019-05-31 20:19:39 
AF 850 322.5 -85.4 322.5 -85.4 2.92E-04 000.6 056.4 -85.4 0.190552 0.217946 0.062632 hargrave 2019-05-31 20:21:00 
AF 900 332.0 -81.3 332.0 -81.3 3.32E-04 000.5 065.9 -81.3 0.206272 0.180528 0.086647 hargrave 2019-05-31 20:22:21 
AF 950 351.4 -85.3 351.4 -85.3 4.12E-04 000.6 085.3 -85.3 0.288057 0.270471 0.069717 hargrave 2019-05-31 20:23:42 
AF1000 008.5 -89.1 008.5 -89.1 4.37E-04 000.5 102.4 -89.1 0.235928 0.249750 0.069327 hargrave 2019-05-31 20:25:06 
AF1050 058.7 -86.2 058.7 -86.2 5.59E-04 000.5 152.6 -86.2 0.360937 0.335141 0.057304 hargrave 2019-05-31 20:26:27 
AF1100 044.7 -87.3 044.7 -87.3 5.95E-04 000.5 138.6 -87.3 0.354448 0.350575 0.090196 hargrave 2019-05-31 20:27:52 
AF1150 066.7 -89.0 066.7 -89.0 6.54E-04 000.5 160.6 -89.0 0.414353 0.383485 0.097726 hargrave 2019-05-31 20:29:13 
AF1200 019.0 -86.5 019.0 -86.5 6.85E-04 000.5 112.9 -86.5 0.421641 0.443464 0.113793 hargrave 2019-05-31 20:30:39 
AF1250 026.1 -88.9 026.1 -88.9 7.36E-04 000.5 120.0 -88.9 0.452178 0.457633 0.100263 hargrave 2019-05-31 20:32:01 
AF1300 001.1 -88.5 001.1 -88.5 9.28E-04 000.5 095.0 -88.5 0.575541 0.593929 0.145299 hargrave 2019-05-31 20:33:28 
