SL- 19a mag compass orientation (IGRF corrected)
  736.4  -3.9   0.0   0.0   0.0   0.0
NRM    272.5 -46.2 272.5 -46.2 2.86E-03 000.3 006.4 -46.2 0.639121 1.294471 1.002453 hargrave 2019-05-31 23:08:22 
AF  10 268.1 -50.8 268.1 -50.8 2.48E-03 000.3 002.0 -50.8 0.580986 0.938347 0.798028 hargrave 2019-05-31 23:09:42 
AF  20 262.4 -56.9 262.4 -56.9 2.26E-03 000.3 356.3 -56.9 0.684170 0.856719 0.627275 hargrave 2019-05-31 23:11:03 
AF  30 259.2 -61.9 259.2 -61.9 2.23E-03 000.3 353.1 -61.9 0.829574 0.986275 0.540281 hargrave 2019-05-31 23:13:14 
AF  40 256.6 -67.0 256.6 -67.0 2.20E-03 000.4 350.5 -67.0 1.001710 0.960777 0.480707 hargrave 2019-05-31 23:14:34 
AF  50 255.3 -70.3 255.3 -70.3 2.17E-03 000.4 349.2 -70.3 1.085749 1.046812 0.431655 hargrave 2019-05-31 23:15:55 
AF  60 253.8 -73.7 253.8 -73.7 2.13E-03 000.4 347.7 -73.7 1.126946 1.089481 0.382018 hargrave 2019-05-31 23:17:16 
AF  70 252.4 -76.1 252.4 -76.1 2.10E-03 000.5 346.3 -76.1 1.194122 1.111432 0.351813 hargrave 2019-05-31 23:18:36 
AF  80 249.9 -78.4 249.9 -78.4 2.04E-03 000.5 343.8 -78.4 1.203886 1.171389 0.303962 hargrave 2019-05-31 23:19:57 
AF  90 249.3 -79.8 249.3 -79.8 1.98E-03 000.5 343.2 -79.8 1.172325 1.104211 0.302577 hargrave 2019-05-31 23:21:17 
AF 100 248.9 -81.2 248.9 -81.2 1.93E-03 000.5 342.8 -81.2 1.172546 1.134304 0.286740 hargrave 2019-05-31 23:22:38 
AF 120 240.2 -82.5 240.2 -82.5 1.76E-03 000.5 334.1 -82.5 1.099003 1.057472 0.260983 hargrave 2019-05-31 23:23:58 
AF 140 229.1 -85.5 229.1 -85.5 1.62E-03 000.5 323.0 -85.5 1.016699 1.059038 0.205359 hargrave 2019-05-31 23:25:22 
AF 160 221.3 -86.8 221.3 -86.8 1.47E-03 000.5 315.2 -86.8 0.945164 0.920083 0.186387 hargrave 2019-05-31 23:26:42 
AF 180 205.9 -87.5 205.9 -87.5 1.34E-03 000.5 299.8 -87.5 0.867960 0.855971 0.156014 hargrave 2019-05-31 23:28:03 
AF 200 162.8 -88.1 162.8 -88.1 1.17E-03 000.5 256.7 -88.1 0.768909 0.758209 0.123183 hargrave 2019-05-31 23:29:23 
AF 220 175.7 -87.5 175.7 -87.5 1.06E-03 000.5 269.6 -87.5 0.720366 0.679055 0.113825 hargrave 2019-05-31 23:30:44 
AF 240 134.5 -88.0 134.5 -88.0 9.56E-04 000.5 228.4 -88.0 0.633835 0.614450 0.086231 hargrave 2019-05-31 23:32:04 
AF 260 111.9 -85.3 111.9 -85.3 8.55E-04 000.5 205.8 -85.3 0.538813 0.543876 0.080331 hargrave 2019-05-31 23:33:28 
AF 280 100.2 -86.2 100.2 -86.2 7.38E-04 000.5 194.1 -86.2 0.500173 0.460282 0.069483 hargrave 2019-05-31 23:34:52 
AF 300 124.0 -86.0 124.0 -86.0 6.70E-04 000.5 217.9 -86.0 0.426079 0.460769 0.077995 hargrave 2019-05-31 23:36:12 
AF 320 132.6 -83.4 132.6 -83.4 6.15E-04 000.5 226.5 -83.4 0.390260 0.442125 0.057919 hargrave 2019-05-31 23:37:33 
AF 340 065.3 -82.6 065.3 -82.6 5.47E-04 000.5 159.2 -82.6 0.324890 0.306692 0.047712 hargrave 2019-05-31 23:38:57 
AF 360 088.0 -82.4 088.0 -82.4 4.76E-04 000.5 181.9 -82.4 0.287428 0.345877 0.040940 hargrave 2019-05-31 23:40:17 
AF 380 086.5 -83.8 086.5 -83.8 4.40E-04 000.5 180.4 -83.8 0.275536 0.268183 0.048880 hargrave 2019-05-31 23:41:38 
AF 400 080.5 -84.5 080.5 -84.5 4.04E-04 000.5 174.4 -84.5 0.243447 0.254342 0.046918 hargrave 2019-05-31 23:42:58 
AF 420 092.9 -82.8 092.9 -82.8 3.94E-04 000.5 186.8 -82.8 0.269615 0.223503 0.053642 hargrave 2019-05-31 23:44:19 
AF 440 118.5 -77.4 118.5 -77.4 3.37E-04 000.5 212.4 -77.4 0.243025 0.212927 0.027550 hargrave 2019-05-31 23:45:39 
AF 460 095.1 -77.2 095.1 -77.2 3.33E-04 000.6 189.0 -77.2 0.224249 0.249000 0.017978 hargrave 2019-05-31 23:47:00 
AF 480 083.3 -78.5 083.3 -78.5 2.72E-04 000.5 177.2 -78.5 0.138451 0.200754 0.030335 hargrave 2019-05-31 23:48:20 
AF 500 098.6 -79.9 098.6 -79.9 2.72E-04 000.6 192.5 -79.9 0.238912 0.133526 0.027948 hargrave 2019-05-31 23:49:44 
AF 520 125.2 -83.4 125.2 -83.4 2.81E-04 000.6 219.1 -83.4 0.238054 0.156187 0.025234 hargrave 2019-05-31 23:51:05 
AF 540 048.1 -81.5 048.1 -81.5 2.67E-04 000.5 142.0 -81.5 0.133671 0.195514 0.035445 hargrave 2019-05-31 23:52:25 
AF 560 070.2 -83.1 070.2 -83.1 2.79E-04 000.5 164.1 -83.1 0.188740 0.147645 0.024004 hargrave 2019-05-31 23:53:49 
AF 580 060.6 -78.6 060.6 -78.6 2.18E-04 000.5 154.5 -78.6 0.111641 0.164961 0.037875 hargrave 2019-05-31 23:55:10 
AF 600 356.1 -87.9 356.1 -87.9 2.26E-04 000.5 090.0 -87.9 0.132979 0.138628 0.028417 hargrave 2019-05-31 23:56:30 
AF 620 053.4 -87.4 053.4 -87.4 2.50E-04 000.5 147.3 -87.4 0.167812 0.149838 0.046456 hargrave 2019-05-31 23:57:51 
AF 640 044.6 -83.7 044.6 -83.7 2.57E-04 000.5 138.5 -83.7 0.136786 0.184640 0.041606 hargrave 2019-05-31 23:59:11 
AF 660 244.1 -87.8 244.1 -87.8 3.14E-04 000.5 338.0 -87.8 0.192832 0.222472 0.062309 hargrave 2019-06-01 00:00:31 
AF 680 265.4 -88.5 265.4 -88.5 2.46E-04 000.6 359.3 -88.5 0.172651 0.195464 0.036480 hargrave 2019-06-01 00:01:51 
AF 700 102.0 -83.6 102.0 -83.6 2.75E-04 000.5 195.9 -83.6 0.172969 0.155726 0.018210 hargrave 2019-06-01 00:03:12 
AF 720 102.7 -84.9 102.7 -84.9 2.86E-04 000.5 196.6 -84.9 0.201376 0.166263 0.033313 hargrave 2019-06-01 00:04:32 
AF 740 083.1 -83.6 083.1 -83.6 3.16E-04 000.5 177.0 -83.6 0.207112 0.223907 0.026823 hargrave 2019-06-01 00:05:56 
AF 760 143.1 -83.4 143.1 -83.4 3.23E-04 000.6 237.0 -83.4 0.257320 0.181466 0.049642 hargrave 2019-06-01 00:07:21 
AF 780 080.3 -85.3 080.3 -85.3 3.69E-04 000.5 174.2 -85.3 0.223057 0.267058 0.052048 hargrave 2019-06-01 00:08:41 
AF 800 089.7 -85.6 089.7 -85.6 3.68E-04 000.5 183.6 -85.6 0.226397 0.273678 0.042475 hargrave 2019-06-01 00:10:01 
AF 850 306.4 -89.5 306.4 -89.5 5.23E-04 000.6 040.3 -89.5 0.375460 0.349532 0.100272 hargrave 2019-06-01 00:11:26 
AF 900 128.4 -89.4 128.4 -89.4 6.64E-04 000.6 222.3 -89.4 0.470586 0.450534 0.106116 hargrave 2019-06-01 00:12:47 
AF 950 166.4 -89.4 166.4 -89.4 7.86E-04 000.6 260.3 -89.4 0.560694 0.553537 0.125901 hargrave 2019-06-01 00:14:08 
AF1000 270.4 -87.0 270.4 -87.0 9.62E-04 000.6 004.3 -87.0 0.671592 0.664124 0.167732 hargrave 2019-06-01 00:15:29 
AF1050 063.8 -89.0 063.8 -89.0 1.15E-03 000.6 157.7 -89.0 0.813555 0.764987 0.167764 hargrave 2019-06-01 00:16:54 
AF1100 348.7 -88.9 348.7 -88.9 1.29E-03 000.6 082.6 -88.9 0.866054 0.893683 0.205118 hargrave 2019-06-01 00:18:18 
AF1150 340.4 -87.4 340.4 -87.4 1.40E-03 000.6 074.3 -87.4 0.946994 0.957874 0.220454 hargrave 2019-06-01 00:19:43 
AF1200 049.6 -89.7 049.6 -89.7 1.50E-03 000.6 143.5 -89.7 1.039085 1.025028 0.208327 hargrave 2019-06-01 00:21:06 
AF1250 302.1 -89.4 302.1 -89.4 1.74E-03 000.5 036.0 -89.4 1.190165 1.163194 0.260679 hargrave 2019-06-01 00:22:29 
AF1300 259.8 -88.9 259.8 -88.9 2.16E-03 000.6 353.7 -88.9 1.502511 1.477326 0.318889 hargrave 2019-06-01 00:23:52 
