SL- 14a mag compass orientation (IGRF corrected)
  690.5  -3.9   0.0   0.0   0.0   0.0
NRM    244.9 -00.9 244.9 -00.9 3.89E-03 000.6 338.8 -00.9 3.073391 4.417160 1.733818 hargrave 2019-05-31 16:38:26 
AF  10 255.9 -04.0 255.9 -04.0 3.61E-03 000.6 349.8 -04.0 3.103656 3.824888 1.543792 hargrave 2019-05-31 16:39:46 
AF  20 260.8 -08.8 260.8 -08.8 2.91E-03 000.6 354.7 -08.8 2.651664 3.065436 1.186400 hargrave 2019-05-31 16:41:06 
AF  30 260.2 -17.4 260.2 -17.4 2.10E-03 000.6 354.1 -17.4 1.887090 2.218975 0.782704 hargrave 2019-05-31 16:42:26 
AF  40 257.9 -33.3 257.9 -33.3 1.40E-03 000.6 351.8 -33.3 1.148597 1.370525 0.456247 hargrave 2019-05-31 16:43:46 
AF  50 257.1 -49.6 257.1 -49.6 1.10E-03 000.5 351.0 -49.6 0.692375 0.853605 0.326164 hargrave 2019-05-31 16:45:06 
AF  60 253.6 -65.5 253.6 -65.5 9.59E-04 000.4 347.5 -65.5 0.344486 0.499900 0.242939 hargrave 2019-05-31 16:46:29 
AF  70 247.5 -76.3 247.5 -76.3 9.13E-04 000.2 341.4 -76.3 0.131427 0.349591 0.195151 hargrave 2019-05-31 16:47:49 
AF  80 225.8 -82.3 225.8 -82.3 8.77E-04 000.2 319.7 -82.3 0.106575 0.269465 0.154189 hargrave 2019-05-31 16:49:09 
AF  90 156.3 -87.3 156.3 -87.3 8.39E-04 000.3 250.2 -87.3 0.221876 0.305165 0.150305 hargrave 2019-05-31 16:50:29 
AF 100 130.0 -86.7 130.0 -86.7 8.21E-04 000.3 223.9 -86.7 0.256775 0.379271 0.122737 hargrave 2019-05-31 16:51:50 
AF 120 097.9 -82.6 097.9 -82.6 7.88E-04 000.4 191.8 -82.6 0.307604 0.398730 0.104591 hargrave 2019-05-31 16:53:13 
AF 140 098.1 -79.7 098.1 -79.7 7.25E-04 000.4 192.0 -79.7 0.364688 0.366336 0.081192 hargrave 2019-05-31 16:54:41 
AF 160 085.4 -79.9 085.4 -79.9 6.76E-04 000.4 179.3 -79.9 0.333094 0.368081 0.084731 hargrave 2019-05-31 16:56:01 
AF 180 090.4 -79.1 090.4 -79.1 6.47E-04 000.4 184.3 -79.1 0.323632 0.359411 0.066046 hargrave 2019-05-31 16:57:21 
AF 200 083.2 -75.9 083.2 -75.9 6.35E-04 000.4 177.1 -75.9 0.321564 0.349751 0.072705 hargrave 2019-05-31 16:58:41 
AF 220 090.9 -76.7 090.9 -76.7 5.83E-04 000.4 184.8 -76.7 0.308135 0.283023 0.050682 hargrave 2019-05-31 17:00:02 
AF 240 100.0 -80.6 100.0 -80.6 5.92E-04 000.4 193.9 -80.6 0.309089 0.293754 0.055041 hargrave 2019-05-31 17:01:22 
AF 260 093.0 -76.6 093.0 -76.6 5.25E-04 000.5 186.9 -76.6 0.292112 0.319091 0.026483 hargrave 2019-05-31 17:02:45 
AF 280 087.4 -78.1 087.4 -78.1 5.14E-04 000.5 181.3 -78.1 0.293218 0.286723 0.059001 hargrave 2019-05-31 17:04:09 
AF 300 093.3 -80.0 093.3 -80.0 5.03E-04 000.5 187.2 -80.0 0.290143 0.278637 0.046102 hargrave 2019-05-31 17:05:37 
AF 320 091.9 -77.2 091.9 -77.2 4.87E-04 000.5 185.8 -77.2 0.288061 0.291315 0.040794 hargrave 2019-05-31 17:06:57 
AF 340 089.0 -77.5 089.0 -77.5 5.10E-04 000.5 182.9 -77.5 0.302091 0.308963 0.068670 hargrave 2019-05-31 17:08:18 
AF 360 090.7 -80.7 090.7 -80.7 4.84E-04 000.4 184.6 -80.7 0.258804 0.272610 0.069561 hargrave 2019-05-31 17:09:38 
AF 380 091.7 -74.7 091.7 -74.7 5.18E-04 000.5 185.6 -74.7 0.316424 0.274454 0.057925 hargrave 2019-05-31 17:11:02 
AF 400 091.0 -78.8 091.0 -78.8 4.63E-04 000.4 184.9 -78.8 0.289138 0.216705 0.068477 hargrave 2019-05-31 17:12:23 
AF 420 070.1 -76.0 070.1 -76.0 4.75E-04 000.4 164.0 -76.0 0.266902 0.232264 0.072540 hargrave 2019-05-31 17:13:43 
AF 440 094.1 -77.3 094.1 -77.3 4.47E-04 000.5 188.0 -77.3 0.296583 0.278115 0.046226 hargrave 2019-05-31 17:15:07 
AF 460 083.0 -76.5 083.0 -76.5 4.61E-04 000.5 176.9 -76.5 0.277483 0.258504 0.050402 hargrave 2019-05-31 17:16:27 
AF 480 100.3 -74.2 100.3 -74.2 4.38E-04 000.4 194.2 -74.2 0.257969 0.190812 0.050081 hargrave 2019-05-31 17:17:47 
AF 500 103.8 -81.0 103.8 -81.0 4.45E-04 000.4 197.7 -81.0 0.266462 0.226218 0.059176 hargrave 2019-05-31 17:19:07 
AF 520 084.3 -78.1 084.3 -78.1 4.35E-04 000.4 178.2 -78.1 0.260695 0.210432 0.072215 hargrave 2019-05-31 17:20:27 
AF 540 106.2 -79.6 106.2 -79.6 4.06E-04 000.4 200.1 -79.6 0.236386 0.188747 0.058743 hargrave 2019-05-31 17:21:51 
AF 560 084.8 -81.5 084.8 -81.5 4.51E-04 000.4 178.7 -81.5 0.252666 0.216950 0.069832 hargrave 2019-05-31 17:23:15 
AF 580 079.2 -79.1 079.2 -79.1 4.36E-04 000.5 173.1 -79.1 0.271631 0.261866 0.073453 hargrave 2019-05-31 17:24:35 
AF 600 095.6 -79.2 095.6 -79.2 4.44E-04 000.4 189.5 -79.2 0.241487 0.233675 0.046597 hargrave 2019-05-31 17:25:55 
AF 620 060.1 -81.6 060.1 -81.6 4.09E-04 000.5 154.0 -81.6 0.239838 0.273536 0.092268 hargrave 2019-05-31 17:27:16 
AF 640 101.0 -79.6 101.0 -79.6 4.36E-04 000.6 194.9 -79.6 0.291471 0.315067 0.064890 hargrave 2019-05-31 17:28:40 
AF 660 075.4 -82.3 075.4 -82.3 4.27E-04 000.5 169.3 -82.3 0.239706 0.231372 0.079502 hargrave 2019-05-31 17:30:03 
AF 680 096.2 -84.6 096.2 -84.6 3.99E-04 000.4 190.1 -84.6 0.221057 0.198925 0.060848 hargrave 2019-05-31 17:31:23 
AF 700 081.8 -78.2 081.8 -78.2 4.10E-04 000.5 175.7 -78.2 0.248744 0.239507 0.071390 hargrave 2019-05-31 17:32:47 
AF 720 088.0 -80.7 088.0 -80.7 4.56E-04 000.4 181.9 -80.7 0.218000 0.252824 0.060553 hargrave 2019-05-31 17:34:11 
AF 740 097.2 -80.5 097.2 -80.5 4.99E-04 000.5 191.1 -80.5 0.308722 0.281209 0.073138 hargrave 2019-05-31 17:35:35 
AF 760 069.5 -77.5 069.5 -77.5 4.73E-04 000.5 163.4 -77.5 0.251864 0.283610 0.085932 hargrave 2019-05-31 17:36:59 
AF 780 090.1 -82.3 090.1 -82.3 4.70E-04 000.5 184.0 -82.3 0.289198 0.256180 0.078488 hargrave 2019-05-31 17:38:23 
AF 800 073.1 -82.4 073.1 -82.4 5.07E-04 000.4 167.0 -82.4 0.314248 0.232283 0.103002 hargrave 2019-05-31 17:39:43 
AF 850 072.6 -82.9 072.6 -82.9 5.26E-04 000.5 166.5 -82.9 0.340554 0.318201 0.128088 hargrave 2019-05-31 17:41:03 
AF 900 070.7 -85.7 070.7 -85.7 6.47E-04 000.5 164.6 -85.7 0.386921 0.357786 0.135842 hargrave 2019-05-31 17:42:24 
AF 950 060.1 -89.0 060.1 -89.0 6.85E-04 000.5 154.0 -89.0 0.413536 0.422499 0.159792 hargrave 2019-05-31 17:43:44 
AF1000 062.8 -84.9 062.8 -84.9 7.60E-04 000.5 156.7 -84.9 0.477921 0.453983 0.189251 hargrave 2019-05-31 17:45:05 
AF1050 060.2 -88.1 060.2 -88.1 8.79E-04 000.5 154.1 -88.1 0.560440 0.540958 0.212020 hargrave 2019-05-31 17:46:26 
AF1100 107.3 -86.1 107.3 -86.1 9.50E-04 000.5 201.2 -86.1 0.546709 0.546197 0.194232 hargrave 2019-05-31 17:47:47 
AF1150 029.8 -87.7 029.8 -87.7 9.87E-04 000.5 123.7 -87.7 0.619807 0.608217 0.242524 hargrave 2019-05-31 17:49:12 
AF1200 353.4 -87.2 353.4 -87.2 1.02E-03 000.5 087.3 -87.2 0.664891 0.672819 0.250890 hargrave 2019-05-31 17:50:34 
AF1250 328.5 -88.9 328.5 -88.9 1.11E-03 000.5 062.4 -88.9 0.715999 0.650378 0.287433 hargrave 2019-05-31 17:52:01 
AF1300 011.2 -88.8 011.2 -88.8 1.35E-03 000.5 105.1 -88.8 0.837741 0.876412 0.349769 hargrave 2019-05-31 17:53:25 
