SL- 11a mag compass orientation (IGRF corrected)
  668.9  -3.9   0.0   0.0   0.0   0.0
NRM    249.9  12.5 249.9  12.5 5.42E-03 001.0 343.8  12.5 10.18227 10.54365 2.984270 hargrave 2019-05-31 12:45:01 
AF  10 251.2  16.7 251.2  16.7 9.19E-03 000.8 345.1  16.7 10.30299 13.18683 3.327888 hargrave 2019-05-31 12:46:22 
AF  20 250.0  17.9 250.0  17.9 9.30E-03 000.7 343.9  17.9 8.324664 12.23226 2.987055 hargrave 2019-05-31 12:47:47 
AF  30 247.2  14.6 247.2  14.6 7.33E-03 000.8 341.1  14.6 6.246914 10.35564 2.182969 hargrave 2019-05-31 12:49:11 
AF  40 243.7  06.6 243.7  06.6 5.19E-03 000.7 337.6  06.6 3.868254 6.899734 1.394451 hargrave 2019-05-31 12:50:32 
AF  50 241.7 -02.5 241.7 -02.5 3.94E-03 000.6 335.6 -02.5 2.509463 4.905605 0.979846 hargrave 2019-05-31 12:51:53 
AF  60 240.1 -13.6 240.1 -13.6 3.08E-03 000.5 334.0 -13.6 1.281611 3.179092 0.721633 hargrave 2019-05-31 12:53:17 
AF  70 239.4 -25.1 239.4 -25.1 2.55E-03 000.5 333.3 -25.1 1.065140 2.383238 0.570334 hargrave 2019-05-31 12:55:33 
AF  80 240.1 -35.5 240.1 -35.5 2.27E-03 000.4 334.0 -35.5 0.774737 1.762241 0.508597 hargrave 2019-05-31 12:56:54 
AF  90 239.2 -43.7 239.2 -43.7 2.11E-03 000.4 333.1 -43.7 0.466480 1.318136 0.476239 hargrave 2019-05-31 12:58:22 
AF 100 242.0 -49.7 242.0 -49.7 2.03E-03 000.4 335.9 -49.7 0.779855 1.178308 0.473785 hargrave 2019-05-31 12:59:43 
AF 120 241.8 -56.0 241.8 -56.0 1.82E-03 000.4 335.7 -56.0 0.809656 0.888771 0.380016 hargrave 2019-05-31 13:01:08 
AF 140 242.0 -61.9 242.0 -61.9 1.70E-03 000.4 335.9 -61.9 0.770743 0.772554 0.395884 hargrave 2019-05-31 13:02:33 
AF 160 244.9 -64.5 244.9 -64.5 1.61E-03 000.4 338.8 -64.5 0.790215 0.724564 0.407677 hargrave 2019-05-31 13:03:54 
AF 180 248.3 -64.9 248.3 -64.9 1.49E-03 000.4 342.2 -64.9 0.715027 0.841034 0.425569 hargrave 2019-05-31 13:05:22 
AF 200 245.5 -72.7 245.5 -72.7 1.41E-03 000.4 339.4 -72.7 0.717446 0.734324 0.355769 hargrave 2019-05-31 13:06:48 
AF 220 240.5 -72.8 240.5 -72.8 1.31E-03 000.4 334.4 -72.8 0.733123 0.644147 0.293607 hargrave 2019-05-31 13:08:12 
AF 240 252.3 -71.1 252.3 -71.1 1.31E-03 000.4 346.2 -71.1 0.691307 0.630181 0.409694 hargrave 2019-05-31 13:09:33 
AF 260 245.6 -68.3 245.6 -68.3 1.25E-03 000.4 339.5 -68.3 0.678333 0.614260 0.392910 hargrave 2019-05-31 13:10:54 
AF 280 262.7 -71.1 262.7 -71.1 1.22E-03 000.4 356.6 -71.1 0.613502 0.613524 0.356767 hargrave 2019-05-31 13:12:19 
AF 300 259.9 -70.9 259.9 -70.9 1.17E-03 000.4 353.8 -70.9 0.585983 0.634592 0.371563 hargrave 2019-05-31 13:13:44 
AF 320 255.2 -73.4 255.2 -73.4 1.17E-03 000.4 349.1 -73.4 0.587841 0.612038 0.331442 hargrave 2019-05-31 13:15:05 
AF 340 252.7 -73.8 252.7 -73.8 1.22E-03 000.4 346.6 -73.8 0.647161 0.598630 0.307932 hargrave 2019-05-31 13:16:26 
AF 360 241.6 -74.8 241.6 -74.8 1.12E-03 000.4 335.5 -74.8 0.589804 0.525209 0.288185 hargrave 2019-05-31 13:17:47 
AF 380 230.8 -72.9 230.8 -72.9 1.10E-03 000.4 324.7 -72.9 0.602074 0.536327 0.281129 hargrave 2019-05-31 13:19:08 
AF 400 261.1 -75.0 261.1 -75.0 1.13E-03 000.4 355.0 -75.0 0.505820 0.586014 0.332534 hargrave 2019-05-31 13:20:29 
AF 420 243.9 -76.1 243.9 -76.1 1.07E-03 000.4 337.8 -76.1 0.520105 0.461345 0.307523 hargrave 2019-05-31 13:21:51 
AF 440 252.6 -74.4 252.6 -74.4 1.13E-03 000.4 346.5 -74.4 0.636432 0.578627 0.322946 hargrave 2019-05-31 13:23:15 
AF 460 241.5 -78.8 241.5 -78.8 1.14E-03 000.4 335.4 -78.8 0.629853 0.562646 0.266419 hargrave 2019-05-31 13:24:36 
AF 480 246.0 -75.6 246.0 -75.6 1.15E-03 000.4 339.9 -75.6 0.561532 0.526973 0.292973 hargrave 2019-05-31 13:25:58 
AF 500 245.0 -77.2 245.0 -77.2 1.10E-03 000.4 338.9 -77.2 0.605959 0.551102 0.294446 hargrave 2019-05-31 13:27:19 
AF 520 237.1 -76.8 237.1 -76.8 1.15E-03 000.4 331.0 -76.8 0.672338 0.552566 0.229750 hargrave 2019-05-31 13:28:40 
AF 540 248.3 -72.6 248.3 -72.6 1.15E-03 000.4 342.2 -72.6 0.612458 0.557570 0.347818 hargrave 2019-05-31 13:30:01 
AF 560 226.6 -76.8 226.6 -76.8 1.12E-03 000.4 320.5 -76.8 0.611605 0.548387 0.245994 hargrave 2019-05-31 13:31:22 
AF 580 251.9 -78.1 251.9 -78.1 1.13E-03 000.4 345.8 -78.1 0.617579 0.537585 0.273682 hargrave 2019-05-31 13:32:44 
AF 600 236.7 -76.3 236.7 -76.3 1.10E-03 000.4 330.6 -76.3 0.621658 0.558184 0.278202 hargrave 2019-05-31 13:34:05 
AF 620 232.9 -76.7 232.9 -76.7 1.13E-03 000.4 326.8 -76.7 0.573137 0.530251 0.284898 hargrave 2019-05-31 13:35:25 
AF 640 241.5 -80.5 241.5 -80.5 1.07E-03 000.4 335.4 -80.5 0.619312 0.578765 0.254363 hargrave 2019-05-31 13:36:47 
AF 660 246.7 -75.4 246.7 -75.4 1.16E-03 000.4 340.6 -75.4 0.581730 0.558218 0.294894 hargrave 2019-05-31 13:38:08 
AF 680 230.6 -82.2 230.6 -82.2 1.12E-03 000.4 324.5 -82.2 0.564259 0.522857 0.212780 hargrave 2019-05-31 13:39:29 
AF 700 262.2 -77.4 262.2 -77.4 1.13E-03 000.4 356.1 -77.4 0.608277 0.614127 0.275397 hargrave 2019-05-31 13:40:50 
AF 720 230.9 -80.5 230.9 -80.5 1.17E-03 000.4 324.8 -80.5 0.670577 0.582727 0.220115 hargrave 2019-05-31 13:42:11 
AF 740 238.0 -80.9 238.0 -80.9 1.28E-03 000.4 331.9 -80.9 0.635442 0.616503 0.246099 hargrave 2019-05-31 13:43:32 
AF 760 234.2 -84.3 234.2 -84.3 1.39E-03 000.4 328.1 -84.3 0.684654 0.722858 0.235170 hargrave 2019-05-31 13:44:56 
AF 780 251.0 -81.0 251.0 -81.0 1.35E-03 000.4 344.9 -81.0 0.668483 0.754121 0.272375 hargrave 2019-05-31 13:47:12 
AF 800 213.7 -83.1 213.7 -83.1 1.50E-03 000.4 307.6 -83.1 0.727731 0.659770 0.266174 hargrave 2019-05-31 13:48:33 
AF 850 264.7 -85.1 264.7 -85.1 1.69E-03 000.4 358.6 -85.1 0.856916 0.927077 0.339034 hargrave 2019-05-31 13:50:02 
AF 900 248.1 -86.0 248.1 -86.0 1.84E-03 000.4 342.0 -86.0 0.966551 0.993966 0.341525 hargrave 2019-05-31 13:51:27 
AF 950 238.9 -87.0 238.9 -87.0 2.18E-03 000.4 332.8 -87.0 1.117765 1.164039 0.342395 hargrave 2019-05-31 13:52:49 
AF1000 276.9 -88.2 276.9 -88.2 2.44E-03 000.4 010.8 -88.2 1.253374 1.334615 0.393779 hargrave 2019-05-31 13:54:10 
AF1050 287.6 -87.8 287.6 -87.8 2.77E-03 000.4 021.5 -87.8 1.458369 1.543732 0.472672 hargrave 2019-05-31 13:55:35 
AF1100 191.3 -88.8 191.3 -88.8 2.94E-03 000.4 285.2 -88.8 1.638041 1.628140 0.398717 hargrave 2019-05-31 13:56:57 
AF1150 265.2 -87.9 265.2 -87.9 3.06E-03 000.5 359.1 -87.9 1.721744 1.774170 0.480906 hargrave 2019-05-31 13:58:22 
AF1200 119.4 -89.1 119.4 -89.1 3.24E-03 000.4 213.3 -89.1 1.793202 1.782471 0.430014 hargrave 2019-05-31 13:59:45 
AF1250 140.2 -88.7 140.2 -88.7 3.59E-03 000.5 234.1 -88.7 2.016785 2.084453 0.509105 hargrave 2019-05-31 14:01:08 
AF1300 156.0 -88.5 156.0 -88.5 4.39E-03 000.5 249.9 -88.5 2.605508 2.604005 0.572850 hargrave 2019-05-31 14:02:32 
