SL- 13a mag compass orientation (IGRF corrected)
  685.8  -3.9   0.0   0.0   0.0   0.0
NRM    287.3  02.4 287.3  02.4 6.85E-03 000.7 021.2  02.4 6.123911 4.644542 4.192261 hargrave 2019-05-31 15:21:45 
AF  10 284.7  01.4 284.7  01.4 6.51E-03 000.6 018.6  01.4 4.597953 4.574635 3.935136 hargrave 2019-05-31 15:23:05 
AF  20 281.0 -01.5 281.0 -01.5 5.24E-03 000.6 014.9 -01.5 3.528913 3.725562 3.202748 hargrave 2019-05-31 15:24:26 
AF  30 277.2 -06.8 277.2 -06.8 3.81E-03 000.5 011.1 -06.8 2.171109 2.650231 2.247005 hargrave 2019-05-31 15:25:46 
AF  40 273.8 -15.3 273.8 -15.3 2.49E-03 000.3 007.7 -15.3 1.099141 0.780781 1.389272 hargrave 2019-05-31 15:27:11 
AF  50 272.2 -24.0 272.2 -24.0 1.82E-03 000.4 006.1 -24.0 0.704282 1.174681 0.980003 hargrave 2019-05-31 15:28:32 
AF  60 271.6 -33.6 271.6 -33.6 1.34E-03 000.4 005.5 -33.6 0.378044 0.785018 0.656797 hargrave 2019-05-31 15:29:52 
AF  70 273.5 -43.8 273.5 -43.8 1.09E-03 000.3 007.4 -43.8 0.225227 0.597379 0.482097 hargrave 2019-05-31 15:31:13 
AF  80 274.5 -52.7 274.5 -52.7 9.08E-04 000.3 008.4 -52.7 0.251009 0.432691 0.366082 hargrave 2019-05-31 15:32:37 
AF  90 279.9 -59.9 279.9 -59.9 8.06E-04 000.4 013.8 -59.9 0.291774 0.454490 0.299710 hargrave 2019-05-31 15:34:01 
AF 100 284.2 -63.9 284.2 -63.9 6.94E-04 000.4 018.1 -63.9 0.264254 0.417577 0.262672 hargrave 2019-05-31 15:35:25 
AF 120 296.6 -68.8 296.6 -68.8 6.57E-04 000.4 030.5 -68.8 0.251324 0.330545 0.233049 hargrave 2019-05-31 15:36:45 
AF 140 314.5 -76.6 314.5 -76.6 5.78E-04 000.5 048.4 -76.6 0.297419 0.353151 0.180052 hargrave 2019-05-31 15:38:13 
AF 160 320.6 -77.4 320.6 -77.4 5.37E-04 000.5 054.5 -77.4 0.264686 0.352922 0.172591 hargrave 2019-05-31 15:39:33 
AF 180 323.9 -77.7 323.9 -77.7 4.90E-04 000.5 057.8 -77.7 0.238458 0.321483 0.139479 hargrave 2019-05-31 15:40:58 
AF 200 347.5 -75.7 347.5 -75.7 4.87E-04 000.5 081.4 -75.7 0.245924 0.300117 0.151685 hargrave 2019-05-31 15:42:19 
AF 220 336.5 -77.4 336.5 -77.4 4.46E-04 000.5 070.4 -77.4 0.214007 0.286488 0.121711 hargrave 2019-05-31 15:43:40 
AF 240 357.7 -82.3 357.7 -82.3 4.14E-04 000.5 091.6 -82.3 0.234663 0.240076 0.098435 hargrave 2019-05-31 15:45:01 
AF 260 000.9 -77.9 000.9 -77.9 4.21E-04 000.5 094.8 -77.9 0.177980 0.301389 0.106393 hargrave 2019-05-31 15:46:25 
AF 280 345.9 -74.0 345.9 -74.0 3.71E-04 000.5 079.8 -74.0 0.181455 0.228747 0.118710 hargrave 2019-05-31 15:47:45 
AF 300 006.3 -77.5 006.3 -77.5 3.56E-04 000.5 100.2 -77.5 0.195690 0.256082 0.101414 hargrave 2019-05-31 15:49:06 
AF 320 342.3 -75.0 342.3 -75.0 3.73E-04 000.5 076.2 -75.0 0.179383 0.216616 0.115682 hargrave 2019-05-31 15:50:26 
AF 340 003.0 -75.0 003.0 -75.0 3.64E-04 000.5 096.9 -75.0 0.151546 0.276239 0.103635 hargrave 2019-05-31 15:51:47 
AF 360 025.4 -77.7 025.4 -77.7 3.45E-04 000.5 119.3 -77.7 0.174779 0.248775 0.079878 hargrave 2019-05-31 15:53:08 
AF 380 015.3 -70.3 015.3 -70.3 3.30E-04 000.5 109.2 -70.3 0.153988 0.240798 0.095667 hargrave 2019-05-31 15:54:30 
AF 400 002.1 -76.7 002.1 -76.7 3.20E-04 000.5 096.0 -76.7 0.155252 0.220864 0.095812 hargrave 2019-05-31 15:55:55 
AF 420 005.8 -74.4 005.8 -74.4 2.96E-04 000.5 099.7 -74.4 0.171868 0.197378 0.095110 hargrave 2019-05-31 15:57:19 
AF 440 008.8 -79.8 008.8 -79.8 3.05E-04 000.6 102.7 -79.8 0.182310 0.235455 0.073759 hargrave 2019-05-31 15:58:39 
AF 460 026.2 -86.6 026.2 -86.6 2.86E-04 000.5 120.1 -86.6 0.168303 0.151961 0.054100 hargrave 2019-05-31 16:00:00 
AF 480 006.4 -83.4 006.4 -83.4 2.96E-04 000.5 100.3 -83.4 0.142877 0.193304 0.069946 hargrave 2019-05-31 16:01:21 
AF 500 342.3 -79.1 342.3 -79.1 2.94E-04 000.5 076.2 -79.1 0.173734 0.211683 0.084706 hargrave 2019-05-31 16:02:41 
AF 520 336.9 -78.1 336.9 -78.1 2.88E-04 000.4 070.8 -78.1 0.136709 0.160581 0.058990 hargrave 2019-05-31 16:04:02 
AF 540 339.2 -84.8 339.2 -84.8 2.72E-04 000.6 073.1 -84.8 0.183555 0.220100 0.065407 hargrave 2019-05-31 16:05:23 
AF 560 350.8 -74.5 350.8 -74.5 2.98E-04 000.5 084.7 -74.5 0.154861 0.173382 0.072293 hargrave 2019-05-31 16:06:47 
AF 580 346.8 -77.9 346.8 -77.9 2.61E-04 000.5 080.7 -77.9 0.134062 0.149665 0.069132 hargrave 2019-05-31 16:08:08 
AF 600 025.4 -85.7 025.4 -85.7 2.82E-04 000.6 119.3 -85.7 0.218727 0.221895 0.047665 hargrave 2019-05-31 16:09:29 
AF 620 024.5 -78.6 024.5 -78.6 2.54E-04 000.6 118.4 -78.6 0.167462 0.209887 0.057553 hargrave 2019-05-31 16:10:50 
AF 640 026.0 -78.5 026.0 -78.5 2.86E-04 000.6 119.9 -78.5 0.161494 0.226435 0.050814 hargrave 2019-05-31 16:12:11 
AF 660 344.8 -79.3 344.8 -79.3 2.67E-04 000.6 078.7 -79.3 0.146178 0.218746 0.071890 hargrave 2019-05-31 16:13:31 
AF 680 017.0 -77.9 017.0 -77.9 2.81E-04 000.5 110.9 -77.9 0.193995 0.171953 0.056695 hargrave 2019-05-31 16:15:02 
AF 700 349.8 -77.8 349.8 -77.8 3.16E-04 000.5 083.7 -77.8 0.141789 0.252662 0.049953 hargrave 2019-05-31 16:16:23 
AF 720 020.4 -78.1 020.4 -78.1 2.81E-04 000.6 114.3 -78.1 0.180345 0.192389 0.067230 hargrave 2019-05-31 16:17:44 
AF 740 002.8 -82.7 002.8 -82.7 3.50E-04 000.6 096.7 -82.7 0.195393 0.289863 0.061594 hargrave 2019-05-31 16:19:08 
AF 760 354.1 -81.8 354.1 -81.8 3.23E-04 000.5 088.0 -81.8 0.151097 0.234330 0.061117 hargrave 2019-05-31 16:20:33 
AF 780 009.4 -81.0 009.4 -81.0 3.27E-04 000.6 103.3 -81.0 0.178726 0.263674 0.061814 hargrave 2019-05-31 16:21:55 
AF 800 029.6 -85.5 029.6 -85.5 3.40E-04 000.6 123.5 -85.5 0.234833 0.298350 0.059017 hargrave 2019-05-31 16:23:19 
AF 850 356.7 -83.2 356.7 -83.2 3.91E-04 000.6 090.6 -83.2 0.264575 0.309159 0.064845 hargrave 2019-05-31 16:24:40 
AF 900 010.8 -85.6 010.8 -85.6 4.48E-04 000.6 104.7 -85.6 0.290903 0.342687 0.069252 hargrave 2019-05-31 16:26:01 
AF 950 323.1 -86.3 323.1 -86.3 5.11E-04 000.6 057.0 -86.3 0.346155 0.366686 0.068597 hargrave 2019-05-31 16:27:22 
AF1000 345.0 -87.0 345.0 -87.0 5.80E-04 000.5 078.9 -87.0 0.338765 0.327107 0.076381 hargrave 2019-05-31 16:28:44 
AF1050 034.9 -88.9 034.9 -88.9 6.36E-04 000.5 128.8 -88.9 0.395591 0.403064 0.083068 hargrave 2019-05-31 16:30:06 
AF1100 317.3 -87.9 317.3 -87.9 7.14E-04 000.5 051.2 -87.9 0.446526 0.468425 0.091523 hargrave 2019-05-31 16:31:27 
AF1150 076.6 -88.8 076.6 -88.8 7.47E-04 000.5 170.5 -88.8 0.504538 0.464788 0.101170 hargrave 2019-05-31 16:32:49 
AF1200 082.8 -86.9 082.8 -86.9 7.83E-04 000.6 176.7 -86.9 0.541360 0.542415 0.093694 hargrave 2019-05-31 16:34:12 
AF1250 353.2 -86.5 353.2 -86.5 8.24E-04 000.5 087.1 -86.5 0.539106 0.553336 0.110387 hargrave 2019-05-31 16:35:35 
AF1300 268.5 -89.8 268.5 -89.8 1.03E-03 000.6 002.4 -89.8 0.729807 0.684797 0.108341 hargrave 2019-05-31 16:36:58 
