SL- 12a mag compass orientation (IGRF corrected)
  680.5  -3.9   0.0   0.0   0.0   0.0
NRM    268.1  21.3 268.1  21.3 5.49E-03 000.7 002.0  21.3 4.859655 5.233092 3.087907 hargrave 2019-05-31 14:04:06 
AF  10 270.7  20.9 270.7  20.9 5.12E-03 000.7 004.6  20.9 4.603336 5.045744 2.866808 hargrave 2019-05-31 14:05:27 
AF  20 269.8  20.5 269.8  20.5 4.09E-03 000.7 003.7  20.5 3.540611 4.250018 2.218967 hargrave 2019-05-31 14:06:48 
AF  30 266.7  19.6 266.7  19.6 2.89E-03 000.6 000.6  19.6 2.403074 1.889230 1.463352 hargrave 2019-05-31 14:09:02 
AF  40 263.5  16.4 263.5  16.4 1.79E-03 000.7 357.4  16.4 1.360615 1.924683 0.838333 hargrave 2019-05-31 14:10:23 
AF  50 262.0  11.1 262.0  11.1 1.21E-03 000.7 355.9  11.1 0.867332 1.324368 0.550477 hargrave 2019-05-31 14:11:45 
AF  60 261.3  04.8 261.3  04.8 8.16E-04 000.7 355.2  04.8 0.498624 1.000118 0.360410 hargrave 2019-05-31 14:13:10 
AF  70 259.1 -05.0 259.1 -05.0 5.86E-04 000.8 353.0 -05.0 0.313043 0.791031 0.245970 hargrave 2019-05-31 14:14:37 
AF  80 261.5 -15.2 261.5 -15.2 4.39E-04 000.6 355.4 -15.2 0.219452 0.474408 0.190792 hargrave 2019-05-31 14:15:58 
AF  90 264.4 -25.9 264.4 -25.9 3.40E-04 000.6 358.3 -25.9 0.146642 0.341830 0.149545 hargrave 2019-05-31 14:17:18 
AF 100 266.0 -37.1 266.0 -37.1 3.20E-04 000.5 359.9 -37.1 0.129980 0.283434 0.137457 hargrave 2019-05-31 14:18:39 
AF 120 269.4 -52.0 269.4 -52.0 2.55E-04 000.5 003.3 -52.0 0.125196 0.202875 0.091763 hargrave 2019-05-31 14:20:07 
AF 140 285.2 -60.2 285.2 -60.2 2.52E-04 000.5 019.1 -60.2 0.119241 0.204184 0.102018 hargrave 2019-05-31 14:21:28 
AF 160 289.5 -68.1 289.5 -68.1 2.59E-04 000.5 023.4 -68.1 0.145643 0.173199 0.085149 hargrave 2019-05-31 14:22:48 
AF 180 294.4 -73.5 294.4 -73.5 2.24E-04 000.6 028.3 -73.5 0.158587 0.187624 0.066812 hargrave 2019-05-31 14:24:10 
AF 200 316.6 -69.5 316.6 -69.5 2.33E-04 000.5 050.5 -69.5 0.131948 0.149764 0.076038 hargrave 2019-05-31 14:25:31 
AF 220 300.3 -71.7 300.3 -71.7 2.23E-04 000.6 034.2 -71.7 0.134346 0.168125 0.077804 hargrave 2019-05-31 14:26:52 
AF 240 278.5 -77.3 278.5 -77.3 2.29E-04 000.6 012.4 -77.3 0.158835 0.175714 0.064171 hargrave 2019-05-31 14:28:13 
AF 260 315.4 -80.9 315.4 -80.9 2.05E-04 000.4 049.3 -80.9 0.099987 0.105262 0.056347 hargrave 2019-05-31 14:29:33 
AF 280 308.3 -75.6 308.3 -75.6 1.96E-04 000.6 042.2 -75.6 0.092915 0.156980 0.073681 hargrave 2019-05-31 14:30:54 
AF 300 303.3 -80.0 303.3 -80.0 1.90E-04 000.6 037.2 -80.0 0.141433 0.131410 0.062934 hargrave 2019-05-31 14:32:15 
AF 320 304.8 -83.8 304.8 -83.8 1.91E-04 000.6 038.7 -83.8 0.098795 0.176279 0.035149 hargrave 2019-05-31 14:33:36 
AF 340 003.0 -88.2 003.0 -88.2 1.72E-04 000.6 096.9 -88.2 0.122772 0.118751 0.031554 hargrave 2019-05-31 14:34:57 
AF 360 348.1 -74.4 348.1 -74.4 1.94E-04 000.3 082.0 -74.4 0.067590 0.087255 0.049362 hargrave 2019-05-31 14:36:18 
AF 380 337.4 -79.3 337.4 -79.3 1.47E-04 000.6 071.3 -79.3 0.041149 0.141114 0.031511 hargrave 2019-05-31 14:37:40 
AF 400 272.4 -81.9 272.4 -81.9 1.95E-04 000.7 006.3 -81.9 0.141283 0.177373 0.049859 hargrave 2019-05-31 14:39:00 
AF 420 231.6 -83.4 231.6 -83.4 1.71E-04 000.6 325.5 -83.4 0.150144 0.099293 0.023877 hargrave 2019-05-31 14:40:22 
AF 440 290.1 -79.7 290.1 -79.7 1.75E-04 000.4 024.0 -79.7 0.080198 0.102316 0.050034 hargrave 2019-05-31 14:41:42 
AF 460 323.2 -77.0 323.2 -77.0 1.47E-04 000.4 057.1 -77.0 0.058403 0.068201 0.049256 hargrave 2019-05-31 14:43:03 
AF 480 334.1 -79.0 334.1 -79.0 1.82E-04 000.5 068.0 -79.0 0.095411 0.117090 0.035979 hargrave 2019-05-31 14:44:24 
AF 500 312.5 -85.5 312.5 -85.5 1.65E-04 000.5 046.4 -85.5 0.108190 0.110198 0.028077 hargrave 2019-05-31 14:45:48 
AF 520 335.8 -74.1 335.8 -74.1 1.62E-04 000.4 069.7 -74.1 0.018374 0.111183 0.051137 hargrave 2019-05-31 14:47:09 
AF 540 327.3 -81.0 327.3 -81.0 1.49E-04 000.5 061.2 -81.0 0.046702 0.126047 0.040483 hargrave 2019-05-31 14:48:30 
AF 560 301.6 -77.4 301.6 -77.4 1.69E-04 000.6 035.5 -77.4 0.109951 0.121813 0.042683 hargrave 2019-05-31 14:49:51 
AF 580 233.8 -89.0 233.8 -89.0 1.95E-04 000.6 327.7 -89.0 0.136851 0.130290 0.023453 hargrave 2019-05-31 14:51:13 
AF 600 312.9 -76.9 312.9 -76.9 1.89E-04 000.4 046.8 -76.9 0.054095 0.125000 0.056817 hargrave 2019-05-31 14:52:34 
AF 620 231.9 -89.2 231.9 -89.2 1.57E-04 000.6 325.8 -89.2 0.121909 0.113786 0.019410 hargrave 2019-05-31 14:53:55 
AF 640 263.2 -84.2 263.2 -84.2 1.80E-04 000.6 357.1 -84.2 0.125559 0.141054 0.019712 hargrave 2019-05-31 14:55:22 
AF 660 311.9 -79.3 311.9 -79.3 1.58E-04 000.4 045.8 -79.3 0.075889 0.071200 0.035559 hargrave 2019-05-31 14:56:43 
AF 680 313.2 -78.7 313.2 -78.7 1.84E-04 000.5 047.1 -78.7 0.122545 0.091293 0.046957 hargrave 2019-05-31 14:58:04 
AF 700 287.1 -76.3 287.1 -76.3 1.94E-04 000.5 021.0 -76.3 0.132122 0.122910 0.036538 hargrave 2019-05-31 14:59:24 
AF 720 326.8 -81.4 326.8 -81.4 2.10E-04 000.4 060.7 -81.4 0.096011 0.111502 0.044704 hargrave 2019-05-31 15:00:45 
AF 740 231.9 -87.6 231.9 -87.6 1.92E-04 000.6 325.8 -87.6 0.136636 0.139093 0.020676 hargrave 2019-05-31 15:02:06 
AF 760 323.5 -78.8 323.5 -78.8 2.03E-04 000.3 057.4 -78.8 0.102552 0.058079 0.047279 hargrave 2019-05-31 15:03:26 
AF 780 189.4 -86.5 189.4 -86.5 2.14E-04 000.5 283.3 -86.5 0.122785 0.150999 0.019146 hargrave 2019-05-31 15:04:51 
AF 800 305.7 -82.3 305.7 -82.3 2.29E-04 000.4 039.6 -82.3 0.111181 0.093711 0.031492 hargrave 2019-05-31 15:06:11 
AF 850 305.9 -84.1 305.9 -84.1 2.48E-04 000.4 039.8 -84.1 0.104664 0.136673 0.039214 hargrave 2019-05-31 15:07:36 
AF 900 297.6 -88.6 297.6 -88.6 2.69E-04 000.5 031.5 -88.6 0.150152 0.165359 0.043827 hargrave 2019-05-31 15:08:58 
AF 950 117.0 -88.8 117.0 -88.8 3.37E-04 000.5 210.9 -88.8 0.220399 0.215306 0.030309 hargrave 2019-05-31 15:10:22 
AF1000 269.2 -85.2 269.2 -85.2 3.57E-04 000.5 003.1 -85.2 0.178397 0.238155 0.038026 hargrave 2019-05-31 15:11:47 
AF1050 359.3 -86.7 359.3 -86.7 4.09E-04 000.5 093.2 -86.7 0.215475 0.271320 0.039108 hargrave 2019-05-31 15:13:08 
AF1100 271.0 -86.1 271.0 -86.1 4.49E-04 000.5 004.9 -86.1 0.249825 0.309536 0.044620 hargrave 2019-05-31 15:14:30 
AF1150 337.5 -86.9 337.5 -86.9 4.48E-04 000.5 071.4 -86.9 0.205775 0.296462 0.055120 hargrave 2019-05-31 15:15:51 
AF1200 262.5 -87.7 262.5 -87.7 4.80E-04 000.5 356.4 -87.7 0.294465 0.338528 0.050384 hargrave 2019-05-31 15:17:14 
AF1250 262.0 -89.1 262.0 -89.1 5.32E-04 000.5 355.9 -89.1 0.313788 0.327464 0.053759 hargrave 2019-05-31 15:18:36 
AF1300 312.4 -87.3 312.4 -87.3 6.81E-04 000.5 046.3 -87.3 0.431287 0.418855 0.055813 hargrave 2019-05-31 15:20:07 
