SL- 17a mag compass orientation (IGRF corrected)
 719.45  -3.9   0.0   0.0   0.0   0.0
NRM    350.7  63.5 350.7  63.5 1.12E-03 000.8 084.6  63.5 1.174209 0.893889 0.649560 hargrave 2019-05-31 20:34:56 
AF  10 313.7  63.1 313.7  63.1 1.05E-03 000.7 047.6  63.1 0.932996 0.823716 0.488527 hargrave 2019-05-31 20:36:17 
AF  20 299.0  59.1 299.0  59.1 8.53E-04 000.6 032.9  59.1 0.725159 0.668777 0.361945 hargrave 2019-05-31 20:37:37 
AF  30 296.3  56.1 296.3  56.1 6.01E-04 000.7 030.2  56.1 0.507149 0.537239 0.304879 hargrave 2019-05-31 20:38:57 
AF  40 298.2  46.0 298.2  46.0 3.53E-04 000.6 032.1  46.0 0.288624 0.305343 0.238648 hargrave 2019-05-31 20:40:17 
AF  50 307.6  24.6 307.6  24.6 1.92E-04 000.9 041.5  24.6 0.150837 0.195486 0.203167 hargrave 2019-05-31 20:41:38 
AF  60 321.3 -24.8 321.3 -24.8 1.39E-04 000.5 055.2 -24.8 0.029646 0.141998 0.166763 hargrave 2019-05-31 20:43:03 
AF  70 338.9 -50.9 338.9 -50.9 1.89E-04 000.4 072.8 -50.9 0.058520 0.138816 0.151139 hargrave 2019-05-31 20:44:25 
AF  80 340.5 -61.4 340.5 -61.4 2.30E-04 000.5 074.4 -61.4 0.137643 0.189164 0.122190 hargrave 2019-05-31 20:45:49 
AF  90 341.3 -70.8 341.3 -70.8 2.50E-04 000.4 075.2 -70.8 0.138086 0.113371 0.095022 hargrave 2019-05-31 20:47:09 
AF 100 002.0 -75.2 002.0 -75.2 2.82E-04 000.5 095.9 -75.2 0.107979 0.237254 0.083311 hargrave 2019-05-31 20:48:30 
AF 120 017.3 -80.0 017.3 -80.0 2.81E-04 000.5 111.2 -80.0 0.125421 0.221519 0.062342 hargrave 2019-05-31 20:49:50 
AF 140 022.6 -74.7 022.6 -74.7 2.58E-04 000.6 116.5 -74.7 0.159493 0.211750 0.057357 hargrave 2019-05-31 20:51:11 
AF 160 009.4 -79.7 009.4 -79.7 2.86E-04 000.6 103.3 -79.7 0.141312 0.248711 0.049850 hargrave 2019-05-31 20:52:31 
AF 180 024.3 -77.3 024.3 -77.3 2.51E-04 000.4 118.2 -77.3 0.069112 0.154653 0.041632 hargrave 2019-05-31 20:53:51 
AF 200 018.8 -73.4 018.8 -73.4 2.44E-04 000.5 112.7 -73.4 0.099551 0.181473 0.061223 hargrave 2019-05-31 20:55:12 
AF 220 034.2 -71.0 034.2 -71.0 2.07E-04 000.6 128.1 -71.0 0.140084 0.146955 0.050950 hargrave 2019-05-31 20:56:35 
AF 240 033.4 -69.8 033.4 -69.8 2.19E-04 000.6 127.3 -69.8 0.165248 0.145101 0.039360 hargrave 2019-05-31 20:57:59 
AF 260 012.9 -73.6 012.9 -73.6 1.82E-04 000.6 106.8 -73.6 0.090593 0.174394 0.037348 hargrave 2019-05-31 20:59:23 
AF 280 022.2 -77.8 022.2 -77.8 1.86E-04 000.7 116.1 -77.8 0.137594 0.182304 0.036410 hargrave 2019-05-31 21:00:45 
AF 300 007.4 -75.6 007.4 -75.6 1.52E-04 000.6 101.3 -75.6 0.086048 0.132849 0.045317 hargrave 2019-05-31 21:02:05 
AF 320 017.9 -72.7 017.9 -72.7 1.47E-04 000.5 111.8 -72.7 0.061937 0.106453 0.038737 hargrave 2019-05-31 21:03:26 
AF 340 319.4 -84.0 319.4 -84.0 1.64E-04 000.5 053.3 -84.0 0.107047 0.098935 0.050235 hargrave 2019-05-31 21:04:49 
AF 360 064.2 -78.2 064.2 -78.2 1.10E-04 000.5 158.1 -78.2 0.083539 0.024584 0.026175 hargrave 2019-05-31 21:06:10 
AF 380 069.1 -77.0 069.1 -77.0 1.32E-04 000.4 163.0 -77.0 0.059226 0.060543 0.015699 hargrave 2019-05-31 21:07:37 
AF 400 024.3 -75.1 024.3 -75.1 1.16E-04 000.8 118.2 -75.1 0.044746 0.151569 0.031228 hargrave 2019-05-31 21:09:01 
AF 420 058.4 -68.3 058.4 -68.3 1.16E-04 000.6 152.3 -68.3 0.081187 0.093257 0.031369 hargrave 2019-05-31 21:10:25 
AF 440 012.9 -66.0 012.9 -66.0 1.00E-04 000.7 106.8 -66.0 0.069926 0.099979 0.040270 hargrave 2019-05-31 21:11:52 
AF 460 136.7 -85.8 136.7 -85.8 1.11E-04 001.0 230.6 -85.8 0.139175 0.131701 0.028344 hargrave 2019-05-31 21:13:21 
AF 480 063.7 -72.7 063.7 -72.7 1.16E-04 000.3 157.6 -72.7 0.034529 0.044171 0.035744 hargrave 2019-05-31 21:14:45 
AF 500 097.6 -79.4 097.6 -79.4 8.99E-05 000.5 191.5 -79.4 0.069127 0.031331 0.014791 hargrave 2019-05-31 21:16:05 
AF 520 011.9 -76.2 011.9 -76.2 7.84E-05 000.6 105.8 -76.2 0.025823 0.066461 0.028799 hargrave 2019-05-31 21:17:26 
AF 540 012.9 -72.1 012.9 -72.1 9.71E-05 001.1 106.8 -72.1 0.098418 0.148844 0.031333 hargrave 2019-05-31 21:18:50 
AF 560 005.0 -82.8 005.0 -82.8 9.57E-05 000.7 098.9 -82.8 0.079286 0.093345 0.046196 hargrave 2019-05-31 21:20:10 
AF 580 100.1 -67.3 100.1 -67.3 1.17E-04 000.5 194.0 -67.3 0.117922 0.015031 0.007256 hargrave 2019-05-31 21:21:30 
AF 600 046.9 -69.6 046.9 -69.6 1.19E-04 000.6 140.8 -69.6 0.079962 0.098601 0.029128 hargrave 2019-05-31 21:22:54 
AF 620 041.0 -74.1 041.0 -74.1 1.13E-04 000.9 134.9 -74.1 0.114607 0.124996 0.032774 hargrave 2019-05-31 21:24:22 
AF 640 116.3 -85.0 116.3 -85.0 1.41E-04 000.8 210.2 -85.0 0.145211 0.117893 0.023631 hargrave 2019-05-31 21:25:42 
AF 660 003.4 -72.3 003.4 -72.3 1.04E-04 000.4 097.3 -72.3 0.050902 0.034088 0.021369 hargrave 2019-05-31 21:27:03 
AF 680 318.5 -81.1 318.5 -81.1 1.21E-04 000.9 052.4 -81.1 0.065340 0.164652 0.048072 hargrave 2019-05-31 21:28:23 
AF 700 308.9 -69.3 308.9 -69.3 9.69E-05 000.8 042.8 -69.3 0.099630 0.090345 0.040233 hargrave 2019-05-31 21:29:48 
AF 720 033.8 -73.9 033.8 -73.9 1.55E-04 000.6 127.7 -73.9 0.121286 0.095417 0.024873 hargrave 2019-05-31 21:31:08 
AF 740 274.4 -77.4 274.4 -77.4 1.54E-04 000.8 008.3 -77.4 0.120118 0.165125 0.051150 hargrave 2019-05-31 21:32:32 
AF 760 248.6 -86.9 248.6 -86.9 1.65E-04 000.5 342.5 -86.9 0.088343 0.119490 0.025399 hargrave 2019-05-31 21:33:55 
AF 780 140.4 -77.3 140.4 -77.3 1.51E-04 000.4 234.3 -77.3 0.112522 0.041343 0.016892 hargrave 2019-05-31 21:35:15 
AF 800 311.4 -87.2 311.4 -87.2 1.60E-04 000.4 045.3 -87.2 0.071324 0.076501 0.042048 hargrave 2019-05-31 21:36:42 
AF 850 305.9 -83.6 305.9 -83.6 2.21E-04 000.5 039.8 -83.6 0.141354 0.142208 0.057691 hargrave 2019-05-31 21:38:08 
AF 900 320.0 -81.1 320.0 -81.1 2.34E-04 000.5 053.9 -81.1 0.155209 0.133209 0.058094 hargrave 2019-05-31 21:39:32 
AF 950 195.3 -85.3 195.3 -85.3 2.77E-04 000.5 289.2 -85.3 0.172667 0.155423 0.050290 hargrave 2019-05-31 21:40:53 
AF1000 307.9 -81.8 307.9 -81.8 3.44E-04 000.5 041.8 -81.8 0.201328 0.240033 0.071238 hargrave 2019-05-31 21:42:14 
AF1050 004.2 -84.7 004.2 -84.7 4.19E-04 000.5 098.1 -84.7 0.217008 0.279165 0.056998 hargrave 2019-05-31 21:43:38 
AF1100 157.3 -88.0 157.3 -88.0 4.15E-04 000.5 251.2 -88.0 0.279249 0.259158 0.058023 hargrave 2019-05-31 21:44:59 
AF1150 225.2 -86.6 225.2 -86.6 4.46E-04 000.6 319.1 -86.6 0.319337 0.294452 0.069352 hargrave 2019-05-31 21:46:21 
AF1200 293.2 -83.8 293.2 -83.8 4.81E-04 000.5 027.1 -83.8 0.284114 0.294079 0.101187 hargrave 2019-05-31 21:47:43 
AF1250 110.6 -88.7 110.6 -88.7 5.23E-04 000.5 204.5 -88.7 0.327140 0.284770 0.067240 hargrave 2019-05-31 21:49:05 
AF1300 230.0 -87.4 230.0 -87.4 6.76E-04 000.5 323.9 -87.4 0.456527 0.440579 0.121465 hargrave 2019-05-31 21:50:28 
