SL- 18a mag compass orientation (IGRF corrected)
  734.2  -3.9   0.0   0.0   0.0   0.0
NRM    283.5 -49.3 283.5 -49.3 5.15E-03 000.3 017.4 -49.3 1.374149 2.022359 1.822323 hargrave 2019-05-31 21:51:55 
AF  10 281.7 -49.4 281.7 -49.4 4.43E-03 000.3 015.6 -49.4 1.415231 1.604387 1.419255 hargrave 2019-05-31 21:53:15 
AF  20 277.6 -52.9 277.6 -52.9 3.93E-03 000.3 011.5 -52.9 1.249359 1.382093 1.219776 hargrave 2019-05-31 21:54:35 
AF  30 275.5 -58.1 275.5 -58.1 3.80E-03 000.4 009.4 -58.1 1.254435 2.140859 1.071792 hargrave 2019-05-31 21:55:59 
AF  40 274.1 -63.1 274.1 -63.1 3.72E-03 000.4 008.0 -63.1 1.627905 1.422332 0.931270 hargrave 2019-05-31 21:57:19 
AF  50 273.1 -67.0 273.1 -67.0 3.66E-03 000.4 007.0 -67.0 1.721844 2.051585 0.846486 hargrave 2019-05-31 21:58:42 
AF  60 273.2 -69.9 273.2 -69.9 3.58E-03 000.4 007.1 -69.9 1.883575 1.685988 0.767268 hargrave 2019-05-31 22:00:03 
AF  70 273.5 -72.8 273.5 -72.8 3.52E-03 000.5 007.4 -72.8 1.956628 2.186424 0.691358 hargrave 2019-05-31 22:01:26 
AF  80 273.4 -75.0 273.4 -75.0 3.39E-03 000.5 007.3 -75.0 1.927381 1.795530 0.636934 hargrave 2019-05-31 22:02:47 
AF  90 272.2 -76.7 272.2 -76.7 3.26E-03 000.5 006.1 -76.7 1.917727 1.802137 0.579190 hargrave 2019-05-31 22:04:07 
AF 100 271.4 -78.1 271.4 -78.1 3.10E-03 000.5 005.3 -78.1 1.826336 1.832488 0.505112 hargrave 2019-05-31 22:05:31 
AF 120 267.2 -80.1 267.2 -80.1 2.86E-03 000.5 001.1 -80.1 1.751772 1.727183 0.457141 hargrave 2019-05-31 22:06:52 
AF 140 264.5 -82.6 264.5 -82.6 2.65E-03 000.5 358.4 -82.6 1.679622 1.620781 0.404689 hargrave 2019-05-31 22:08:12 
AF 160 252.2 -83.6 252.2 -83.6 2.29E-03 000.5 346.1 -83.6 1.458280 1.441363 0.334432 hargrave 2019-05-31 22:09:33 
AF 180 258.0 -84.9 258.0 -84.9 2.16E-03 000.5 351.9 -84.9 1.384660 1.338146 0.297678 hargrave 2019-05-31 22:10:53 
AF 200 242.7 -86.4 242.7 -86.4 1.92E-03 000.5 336.6 -86.4 1.231428 1.215642 0.241798 hargrave 2019-05-31 22:12:13 
AF 220 232.3 -87.0 232.3 -87.0 1.69E-03 000.5 326.2 -87.0 1.109046 1.061263 0.212083 hargrave 2019-05-31 22:13:34 
AF 240 214.9 -87.3 214.9 -87.3 1.56E-03 000.5 308.8 -87.3 0.986105 0.977611 0.178244 hargrave 2019-05-31 22:14:56 
AF 260 164.6 -86.5 164.6 -86.5 1.37E-03 000.5 258.5 -86.5 0.884167 0.864530 0.141951 hargrave 2019-05-31 22:16:19 
AF 280 165.6 -86.1 165.6 -86.1 1.22E-03 000.5 259.5 -86.1 0.764019 0.750692 0.096381 hargrave 2019-05-31 22:17:40 
AF 300 174.5 -84.9 174.5 -84.9 1.07E-03 000.5 268.4 -84.9 0.681185 0.656134 0.093032 hargrave 2019-05-31 22:19:00 
AF 320 152.2 -84.1 152.2 -84.1 9.87E-04 000.5 246.1 -84.1 0.607850 0.596848 0.070527 hargrave 2019-05-31 22:20:21 
AF 340 130.7 -84.0 130.7 -84.0 8.46E-04 000.5 224.6 -84.0 0.502250 0.481244 0.057027 hargrave 2019-05-31 22:21:45 
AF 360 157.6 -84.9 157.6 -84.9 7.72E-04 000.5 251.5 -84.9 0.476632 0.499540 0.070340 hargrave 2019-05-31 22:23:05 
AF 380 133.9 -84.7 133.9 -84.7 7.11E-04 000.5 227.8 -84.7 0.414913 0.391777 0.072218 hargrave 2019-05-31 22:24:26 
AF 400 119.9 -83.3 119.9 -83.3 6.20E-04 000.4 213.8 -83.3 0.351690 0.332855 0.041625 hargrave 2019-05-31 22:25:46 
AF 420 130.9 -86.3 130.9 -86.3 5.56E-04 000.5 224.8 -86.3 0.345331 0.285554 0.049133 hargrave 2019-05-31 22:27:06 
AF 440 136.9 -81.9 136.9 -81.9 4.75E-04 000.4 230.8 -81.9 0.262291 0.256035 0.035916 hargrave 2019-05-31 22:28:27 
AF 460 124.7 -78.3 124.7 -78.3 4.75E-04 000.5 218.6 -78.3 0.292725 0.278575 0.033284 hargrave 2019-05-31 22:29:51 
AF 480 147.7 -74.8 147.7 -74.8 4.67E-04 000.5 241.6 -74.8 0.340936 0.277022 0.072210 hargrave 2019-05-31 22:31:11 
AF 500 086.2 -84.2 086.2 -84.2 4.45E-04 000.5 180.1 -84.2 0.277868 0.230012 0.054139 hargrave 2019-05-31 22:32:31 
AF 520 123.5 -82.2 123.5 -82.2 3.90E-04 000.4 217.4 -82.2 0.235668 0.155092 0.044668 hargrave 2019-05-31 22:33:55 
AF 540 163.8 -78.1 163.8 -78.1 3.62E-04 000.5 257.7 -78.1 0.258391 0.195428 0.042210 hargrave 2019-05-31 22:35:16 
AF 560 195.0 -80.5 195.0 -80.5 3.56E-04 000.5 288.9 -80.5 0.232468 0.159695 0.067494 hargrave 2019-05-31 22:36:36 
AF 580 136.3 -86.0 136.3 -86.0 3.79E-04 000.5 230.2 -86.0 0.223998 0.238672 0.054403 hargrave 2019-05-31 22:37:57 
AF 600 121.9 -79.7 121.9 -79.7 3.65E-04 000.4 215.8 -79.7 0.199634 0.186457 0.036321 hargrave 2019-05-31 22:39:24 
AF 620 201.9 -86.2 201.9 -86.2 3.68E-04 000.4 295.8 -86.2 0.200362 0.190417 0.049219 hargrave 2019-05-31 22:40:48 
AF 640 138.2 -84.5 138.2 -84.5 3.87E-04 000.6 232.1 -84.5 0.300849 0.235037 0.054568 hargrave 2019-05-31 22:42:11 
AF 660 200.3 -81.5 200.3 -81.5 3.99E-04 000.4 294.2 -81.5 0.247100 0.180376 0.042116 hargrave 2019-05-31 22:43:35 
AF 680 155.0 -83.4 155.0 -83.4 3.93E-04 000.5 248.9 -83.4 0.225948 0.252055 0.044087 hargrave 2019-05-31 22:44:56 
AF 700 139.5 -86.4 139.5 -86.4 4.39E-04 000.5 233.4 -86.4 0.272812 0.262120 0.056251 hargrave 2019-05-31 22:46:20 
AF 720 254.0 -82.5 254.0 -82.5 4.35E-04 000.5 347.9 -82.5 0.237702 0.271164 0.091049 hargrave 2019-05-31 22:47:41 
AF 740 201.0 -79.6 201.0 -79.6 5.01E-04 000.5 294.9 -79.6 0.313120 0.250533 0.097308 hargrave 2019-05-31 22:49:01 
AF 760 206.9 -88.4 206.9 -88.4 5.65E-04 000.5 300.8 -88.4 0.352467 0.375211 0.082779 hargrave 2019-05-31 22:50:21 
AF 780 192.9 -84.5 192.9 -84.5 5.89E-04 000.5 286.8 -84.5 0.348847 0.363496 0.115492 hargrave 2019-05-31 22:51:45 
AF 800 217.4 -86.7 217.4 -86.7 6.47E-04 000.5 311.3 -86.7 0.416087 0.397497 0.106353 hargrave 2019-05-31 22:53:09 
AF 850 240.6 -87.8 240.6 -87.8 8.31E-04 000.5 334.5 -87.8 0.544017 0.562751 0.146659 hargrave 2019-05-31 22:54:34 
AF 900 166.5 -87.1 166.5 -87.1 1.06E-03 000.5 260.4 -87.1 0.697924 0.660435 0.125356 hargrave 2019-05-31 22:55:54 
AF 950 176.7 -88.0 176.7 -88.0 1.28E-03 000.5 270.6 -88.0 0.838811 0.822195 0.184959 hargrave 2019-05-31 22:57:15 
AF1000 023.4 -89.4 023.4 -89.4 1.55E-03 000.5 117.3 -89.4 0.999063 0.971895 0.193644 hargrave 2019-05-31 22:58:39 
AF1050 294.9 -89.2 294.9 -89.2 1.84E-03 000.5 028.8 -89.2 1.215392 1.234055 0.272906 hargrave 2019-05-31 23:00:01 
AF1100 330.3 -89.1 330.3 -89.1 2.06E-03 000.5 064.2 -89.1 1.284153 1.294256 0.261253 hargrave 2019-05-31 23:01:22 
AF1150 337.5 -89.4 337.5 -89.4 2.21E-03 000.5 071.4 -89.4 1.372634 1.423195 0.303345 hargrave 2019-05-31 23:02:43 
AF1200 047.7 -89.2 047.7 -89.2 2.40E-03 000.5 141.6 -89.2 1.545551 1.590364 0.304145 hargrave 2019-05-31 23:04:06 
AF1250 312.4 -89.2 312.4 -89.2 2.80E-03 000.5 046.3 -89.2 1.843011 1.817639 0.401201 hargrave 2019-05-31 23:05:28 
AF1300 263.7 -88.7 263.7 -88.7 3.47E-03 000.5 357.6 -88.7 2.295798 2.368466 0.516569 hargrave 2019-05-31 23:06:52 
