SL- 10a mag compass orientation (IGRF corrected)
  663.1  -3.9   0.0   0.0   0.0   0.0
NRM    253.8  06.6 253.8  06.6 6.02E-02 002.3 347.7  06.6 314.1523 232.9109 19.46125 hargrave 2019-05-31 01:23:55 
AF  10 262.3  02.6 262.3  02.6 4.56E-02 000.5 356.2  02.6 20.15871 35.55079 15.59873 hargrave 2019-05-31 01:25:19 
AF  20 265.4 -02.6 265.4 -02.6 2.96E-02 000.5 359.3 -02.6 13.49568 26.90738 9.437862 hargrave 2019-05-31 01:26:43 
AF  30 266.9 -10.4 266.9 -10.4 1.97E-02 000.5 000.8 -10.4 6.692075 14.83857 5.660527 hargrave 2019-05-31 01:28:08 
AF  40 269.9 -22.8 269.9 -22.8 1.29E-02 000.4 003.8 -22.8 1.712226 7.582708 3.229740 hargrave 2019-05-31 01:29:28 
AF  50 273.3 -32.6 273.3 -32.6 1.00E-02 000.3 007.2 -32.6 1.392769 4.111346 2.388460 hargrave 2019-05-31 01:30:49 
AF  60 279.3 -42.1 279.3 -42.1 7.98E-03 000.2 013.2 -42.1 2.165061 2.219865 1.837921 hargrave 2019-05-31 01:32:09 
AF  70 283.8 -48.2 283.8 -48.2 6.84E-03 000.3 017.7 -48.2 2.366122 2.513288 1.598392 hargrave 2019-05-31 01:33:33 
AF  80 288.0 -52.1 288.0 -52.1 5.96E-03 000.3 021.9 -52.1 2.588707 1.260182 1.422577 hargrave 2019-05-31 01:34:54 
AF  90 293.6 -55.6 293.6 -55.6 5.23E-03 000.3 027.5 -55.6 2.501102 1.225495 1.275246 hargrave 2019-05-31 01:36:17 
AF 100 296.1 -58.1 296.1 -58.1 4.68E-03 000.3 030.0 -58.1 2.410910 1.242007 1.164323 hargrave 2019-05-31 01:37:38 
AF 120 303.3 -62.9 303.3 -62.9 3.80E-03 000.4 037.2 -62.9 2.019810 1.440501 0.938667 hargrave 2019-05-31 01:39:01 
AF 140 302.7 -62.3 302.7 -62.3 3.24E-03 000.4 036.6 -62.3 1.405422 1.324893 0.934940 hargrave 2019-05-31 01:41:16 
AF 160 301.6 -67.6 301.6 -67.6 2.63E-03 000.4 035.5 -67.6 1.119854 1.195821 0.703498 hargrave 2019-05-31 01:42:40 
AF 180 309.7 -71.0 309.7 -71.0 2.23E-03 000.4 043.6 -71.0 1.105348 1.045245 0.566069 hargrave 2019-05-31 01:44:01 
AF 200 317.6 -68.9 317.6 -68.9 1.88E-03 000.4 051.5 -68.9 0.678292 0.931830 0.498636 hargrave 2019-05-31 01:45:24 
AF 220 307.1 -75.9 307.1 -75.9 1.69E-03 000.4 041.0 -75.9 0.891975 0.872881 0.496951 hargrave 2019-05-31 01:46:49 
AF 240 318.0 -72.6 318.0 -72.6 1.62E-03 000.4 051.9 -72.6 0.734586 0.877901 0.472577 hargrave 2019-05-31 01:48:13 
AF 260 314.3 -71.9 314.3 -71.9 1.42E-03 000.5 048.2 -71.9 0.677935 0.880852 0.463942 hargrave 2019-05-31 01:49:36 
AF 280 307.0 -72.0 307.0 -72.0 1.36E-03 000.5 040.9 -72.0 0.619923 0.857366 0.524554 hargrave 2019-05-31 01:51:04 
AF 300 312.9 -72.9 312.9 -72.9 1.27E-03 000.4 046.8 -72.9 0.629901 0.605936 0.487378 hargrave 2019-05-31 01:52:25 
AF 320 307.9 -71.9 307.9 -71.9 1.17E-03 000.5 041.8 -71.9 0.645069 0.753393 0.364335 hargrave 2019-05-31 01:53:45 
AF 340 322.7 -79.6 322.7 -79.6 1.10E-03 000.6 056.6 -79.6 0.660098 0.810777 0.357843 hargrave 2019-05-31 01:55:06 
AF 360 327.3 -74.0 327.3 -74.0 1.10E-03 000.5 061.2 -74.0 0.538537 0.802623 0.400594 hargrave 2019-05-31 01:56:27 
AF 380 329.3 -76.0 329.3 -76.0 1.07E-03 000.5 063.2 -76.0 0.644406 0.713006 0.392364 hargrave 2019-05-31 01:57:47 
AF 400 321.2 -72.2 321.2 -72.2 9.63E-04 000.7 055.1 -72.2 0.694466 0.837805 0.388615 hargrave 2019-05-31 01:59:08 
AF 420 312.8 -71.4 312.8 -71.4 9.72E-04 000.7 046.7 -71.4 0.769076 0.759280 0.475983 hargrave 2019-05-31 02:00:39 
AF 440 294.3 -75.0 294.3 -75.0 1.01E-03 000.6 028.2 -75.0 0.621343 0.740191 0.441813 hargrave 2019-05-31 02:02:00 
AF 460 298.4 -75.0 298.4 -75.0 1.05E-03 000.5 032.3 -75.0 0.620797 0.646534 0.446446 hargrave 2019-05-31 02:03:21 
AF 480 333.1 -68.0 333.1 -68.0 9.83E-04 000.5 067.0 -68.0 0.482410 0.687048 0.423273 hargrave 2019-05-31 02:04:42 
AF 500 318.0 -82.4 318.0 -82.4 1.01E-03 000.5 051.9 -82.4 0.596546 0.712775 0.320230 hargrave 2019-05-31 02:06:06 
AF 520 326.2 -74.7 326.2 -74.7 1.02E-03 000.6 060.1 -74.7 0.492725 0.795308 0.469088 hargrave 2019-05-31 02:07:30 
AF 540 340.1 -83.4 340.1 -83.4 9.87E-04 000.6 074.0 -83.4 0.689452 0.635353 0.360041 hargrave 2019-05-31 02:08:54 
AF 560 327.7 -79.9 327.7 -79.9 1.03E-03 000.5 061.6 -79.9 0.609094 0.725235 0.382083 hargrave 2019-05-31 02:10:14 
AF 580 274.4 -80.4 274.4 -80.4 1.15E-03 000.5 008.3 -80.4 0.767226 0.562424 0.434893 hargrave 2019-05-31 02:11:39 
AF 600 326.9 -71.4 326.9 -71.4 1.02E-03 000.6 060.8 -71.4 0.536870 0.771579 0.452010 hargrave 2019-05-31 02:13:02 
AF 620 327.2 -72.7 327.2 -72.7 1.03E-03 000.5 061.1 -72.7 0.427398 0.751985 0.425643 hargrave 2019-05-31 02:14:23 
AF 640 330.3 -79.6 330.3 -79.6 1.11E-03 000.6 064.2 -79.6 0.644252 0.789492 0.400016 hargrave 2019-05-31 02:15:44 
AF 660 317.0 -74.4 317.0 -74.4 1.05E-03 000.5 050.9 -74.4 0.630370 0.729148 0.460671 hargrave 2019-05-31 02:17:04 
AF 680 330.6 -76.6 330.6 -76.6 1.02E-03 000.5 064.5 -76.6 0.480075 0.675615 0.366152 hargrave 2019-05-31 02:18:24 
AF 700 329.2 -80.7 329.2 -80.7 1.18E-03 000.5 063.1 -80.7 0.665576 0.789028 0.417783 hargrave 2019-05-31 02:19:45 
AF 720 265.5 -86.6 265.5 -86.6 1.25E-03 000.5 359.4 -86.6 0.869666 0.782444 0.440151 hargrave 2019-05-31 02:21:09 
AF 740 338.9 -77.8 338.9 -77.8 1.23E-03 000.5 072.8 -77.8 0.643162 0.857582 0.433085 hargrave 2019-05-31 02:22:34 
AF 760 348.1 -82.5 348.1 -82.5 1.31E-03 000.5 082.0 -82.5 0.748371 0.827691 0.403998 hargrave 2019-05-31 02:23:55 
AF 780 345.7 -82.3 345.7 -82.3 1.42E-03 000.5 079.6 -82.3 0.815232 0.853874 0.444432 hargrave 2019-05-31 02:25:16 
AF 800 294.9 -79.8 294.9 -79.8 1.51E-03 000.5 028.8 -79.8 0.900329 0.759535 0.538497 hargrave 2019-05-31 02:26:37 
AF 850 307.0 -82.5 307.0 -82.5 1.68E-03 000.5 040.9 -82.5 0.984550 0.907376 0.561711 hargrave 2019-05-31 02:27:58 
AF 900 254.2 -84.4 254.2 -84.4 2.04E-03 000.5 348.1 -84.4 1.300528 1.194603 0.673309 hargrave 2019-05-31 02:29:23 
AF 950 295.1 -82.2 295.1 -82.2 2.33E-03 000.5 029.0 -82.2 1.482003 1.228730 0.762357 hargrave 2019-05-31 02:30:44 
AF1000 310.8 -85.3 310.8 -85.3 2.75E-03 000.5 044.7 -85.3 1.570410 1.546307 0.803343 hargrave 2019-05-31 02:32:09 
AF1050 283.9 -86.3 283.9 -86.3 3.19E-03 000.5 017.8 -86.3 1.999539 1.736135 0.930596 hargrave 2019-05-31 02:33:30 
AF1100 282.8 -84.3 282.8 -84.3 3.44E-03 000.5 016.7 -84.3 2.226617 2.042555 1.142550 hargrave 2019-05-31 02:34:59 
AF1150 303.7 -85.6 303.7 -85.6 3.65E-03 000.5 037.6 -85.6 2.359491 2.208280 1.063219 hargrave 2019-05-31 02:36:22 
AF1200 276.0 -83.9 276.0 -83.9 3.80E-03 000.5 009.9 -83.9 2.474361 2.028887 1.142077 hargrave 2019-05-31 02:37:45 
AF1250 270.0 -85.5 270.0 -85.5 4.22E-03 000.5 003.9 -85.5 2.614348 2.263995 1.202111 hargrave 2019-05-31 02:39:11 
AF1300 284.4 -85.4 284.4 -85.4 5.20E-03 000.5 018.3 -85.4 3.504093 3.133940 1.496581 hargrave 2019-05-31 02:40:42 
