SL- 1a mag compass orientation (IGRF corrected)
 413.35  90.0   0.0   0.0   0.0   0.0
NRM    108.1  03.4 108.1  03.4 1.06E-03 001.0 108.1  03.4 1.741184 0.551124 0.763951 hargrave 2019-05-29 15:37:53 
AF  10 105.8 -05.5 105.8 -05.5 1.01E-03 001.1 105.8 -05.5 1.743808 0.507248 0.723095 hargrave 2019-05-29 15:39:17 
AF  20 103.6 -12.2 103.6 -12.2 9.46E-04 001.0 103.6 -12.2 1.560612 0.480292 0.681901 hargrave 2019-05-29 15:40:36 
AF  30 102.8 -19.3 102.8 -19.3 9.31E-04 001.1 102.8 -19.3 1.568095 0.441341 0.680789 hargrave 2019-05-29 15:41:59 
AF  40 103.0 -28.2 103.0 -28.2 9.35E-04 001.0 103.0 -28.2 1.377719 0.431518 0.666002 hargrave 2019-05-29 15:43:18 
AF  50 103.1 -34.9 103.1 -34.9 9.48E-04 000.9 103.1 -34.9 1.347117 0.385508 0.667871 hargrave 2019-05-29 15:44:41 
AF  60 103.1 -40.5 103.1 -40.5 9.52E-04 000.8 103.1 -40.5 1.152805 0.403384 0.644176 hargrave 2019-05-29 15:46:01 
AF  70 103.1 -45.1 103.1 -45.1 9.53E-04 000.8 103.1 -45.1 1.068831 0.370043 0.627976 hargrave 2019-05-29 15:47:21 
AF  80 103.4 -49.3 103.4 -49.3 9.38E-04 000.7 103.4 -49.3 0.906896 0.374626 0.602767 hargrave 2019-05-29 15:48:41 
AF  90 103.5 -52.5 103.5 -52.5 9.13E-04 000.7 103.5 -52.5 0.960369 0.354876 0.568780 hargrave 2019-05-29 15:50:04 
AF 100 103.3 -55.3 103.3 -55.3 8.70E-04 000.6 103.3 -55.3 0.740862 0.326298 0.537273 hargrave 2019-05-29 15:51:24 
AF 120 102.4 -59.3 102.4 -59.3 7.85E-04 000.5 102.4 -59.3 0.609060 0.282222 0.463550 hargrave 2019-05-29 15:52:44 
AF 140 102.1 -62.8 102.1 -62.8 6.88E-04 000.5 102.1 -62.8 0.525645 0.241034 0.393174 hargrave 2019-05-29 15:54:04 
AF 160 101.9 -65.5 101.9 -65.5 5.89E-04 000.5 101.9 -65.5 0.425332 0.205667 0.328137 hargrave 2019-05-29 15:55:23 
AF 180 100.2 -68.2 100.2 -68.2 5.14E-04 000.4 100.2 -68.2 0.316819 0.208856 0.276119 hargrave 2019-05-29 15:56:43 
AF 200 101.3 -68.9 101.3 -68.9 4.32E-04 000.5 101.3 -68.9 0.301379 0.163713 0.233975 hargrave 2019-05-29 15:58:03 
AF 220 099.4 -69.1 099.4 -69.1 3.68E-04 000.5 099.4 -69.1 0.280924 0.105436 0.194229 hargrave 2019-05-29 15:59:23 
AF 240 098.2 -70.9 098.2 -70.9 3.06E-04 000.5 098.2 -70.9 0.231491 0.126922 0.153901 hargrave 2019-05-29 16:00:43 
AF 260 100.0 -71.9 100.0 -71.9 2.64E-04 000.5 100.0 -71.9 0.204134 0.113534 0.127277 hargrave 2019-05-29 16:02:04 
AF 280 099.9 -71.2 099.9 -71.2 2.19E-04 000.5 099.9 -71.2 0.161445 0.129401 0.109656 hargrave 2019-05-29 16:03:24 
AF 300 099.2 -71.0 099.2 -71.0 1.91E-04 000.6 099.2 -71.0 0.178761 0.089726 0.102457 hargrave 2019-05-29 16:04:44 
AF 320 101.6 -69.4 101.6 -69.4 1.57E-04 000.6 101.6 -69.4 0.165244 0.075621 0.087488 hargrave 2019-05-29 16:06:07 
AF 340 117.6 -74.4 117.6 -74.4 1.40E-04 000.6 117.6 -74.4 0.143488 0.069837 0.080285 hargrave 2019-05-29 16:07:34 
AF 360 117.4 -78.1 117.4 -78.1 1.25E-04 000.7 117.4 -78.1 0.129562 0.084516 0.059304 hargrave 2019-05-29 16:08:54 
AF 380 107.9 -73.5 107.9 -73.5 1.19E-04 000.8 107.9 -73.5 0.138748 0.090947 0.065857 hargrave 2019-05-29 16:10:18 
AF 400 122.9 -73.8 122.9 -73.8 1.06E-04 000.6 122.9 -73.8 0.094478 0.080808 0.067779 hargrave 2019-05-29 16:11:41 
AF 420 104.6 -68.1 104.6 -68.1 9.70E-05 000.9 104.6 -68.1 0.130907 0.089725 0.059112 hargrave 2019-05-29 16:13:01 
AF 440 124.7 -75.8 124.7 -75.8 8.59E-05 001.0 124.7 -75.8 0.140906 0.048494 0.048234 hargrave 2019-05-29 16:14:20 
AF 460 117.5 -75.7 117.5 -75.7 7.42E-05 000.9 117.5 -75.7 0.101931 0.061401 0.038638 hargrave 2019-05-29 16:15:41 
AF 480 112.8 -77.0 112.8 -77.0 7.13E-05 000.8 112.8 -77.0 0.090020 0.045935 0.032283 hargrave 2019-05-29 16:17:01 
AF 500 119.4 -72.7 119.4 -72.7 7.34E-05 000.8 119.4 -72.7 0.090425 0.055323 0.044402 hargrave 2019-05-29 16:18:21 
AF 520 134.5 -68.9 134.5 -68.9 7.39E-05 000.9 134.5 -68.9 0.102233 0.054344 0.051018 hargrave 2019-05-29 16:19:41 
AF 540 168.6 -81.1 168.6 -81.1 7.19E-05 000.7 168.6 -81.1 0.068799 0.058086 0.043498 hargrave 2019-05-29 16:21:52 
AF 560 164.8 -79.7 164.8 -79.7 8.36E-05 000.6 164.8 -79.7 0.073404 0.055955 0.048240 hargrave 2019-05-29 16:23:15 
AF 580 172.2 -79.8 172.2 -79.8 7.47E-05 001.0 172.2 -79.8 0.101763 0.081675 0.038310 hargrave 2019-05-29 16:24:36 
AF 600 191.3 -85.0 191.3 -85.0 8.39E-05 000.6 191.3 -85.0 0.063399 0.065957 0.038682 hargrave 2019-05-29 16:25:56 
AF 620 100.2 -85.4 100.2 -85.4 8.98E-05 000.6 100.2 -85.4 0.068763 0.056235 0.035466 hargrave 2019-05-29 16:27:20 
AF 640 173.6 -84.1 173.6 -84.1 9.70E-05 000.6 173.6 -84.1 0.079709 0.057155 0.050140 hargrave 2019-05-29 16:28:44 
AF 660 229.9 -81.0 229.9 -81.0 1.02E-04 001.0 229.9 -81.0 0.114849 0.121316 0.052244 hargrave 2019-05-29 16:30:05 
AF 680 140.4 -84.8 140.4 -84.8 1.15E-04 000.7 140.4 -84.8 0.110050 0.084536 0.053779 hargrave 2019-05-29 16:31:25 
AF 700 130.3 -84.8 130.3 -84.8 1.34E-04 000.6 130.3 -84.8 0.103738 0.085014 0.061392 hargrave 2019-05-29 16:32:45 
AF 720 161.4 -83.6 161.4 -83.6 1.42E-04 000.5 161.4 -83.6 0.110660 0.068516 0.064977 hargrave 2019-05-29 16:34:05 
AF 740 158.7 -82.0 158.7 -82.0 1.57E-04 000.6 158.7 -82.0 0.143385 0.066915 0.076762 hargrave 2019-05-29 16:35:26 
AF 760 102.8 -86.9 102.8 -86.9 1.83E-04 000.4 102.8 -86.9 0.101574 0.091874 0.071949 hargrave 2019-05-29 16:36:46 
AF 780 146.7 -84.0 146.7 -84.0 2.01E-04 000.5 146.7 -84.0 0.149067 0.069274 0.093578 hargrave 2019-05-29 16:38:06 
AF 800 189.5 -87.6 189.5 -87.6 2.35E-04 000.4 189.5 -87.6 0.126495 0.118358 0.097390 hargrave 2019-05-29 16:39:26 
AF 850 150.6 -86.9 150.6 -86.9 2.95E-04 000.4 150.6 -86.9 0.146122 0.107039 0.126033 hargrave 2019-05-29 16:40:48 
AF 900 132.3 -87.5 132.3 -87.5 3.66E-04 000.3 132.3 -87.5 0.153737 0.119268 0.146288 hargrave 2019-05-29 16:42:09 
AF 950 146.7 -87.6 146.7 -87.6 4.69E-04 000.3 146.7 -87.6 0.209793 0.138849 0.191630 hargrave 2019-05-29 16:43:37 
AF1000 152.7 -87.5 152.7 -87.5 5.49E-04 000.3 152.7 -87.5 0.256904 0.151733 0.221933 hargrave 2019-05-29 16:44:58 
AF1050 157.9 -87.4 157.9 -87.4 6.55E-04 000.3 157.9 -87.4 0.269284 0.241297 0.270432 hargrave 2019-05-29 16:46:22 
AF1100 130.8 -87.6 130.8 -87.6 7.28E-04 000.3 130.8 -87.6 0.256850 0.328032 0.286985 hargrave 2019-05-29 16:47:47 
AF1150 135.2 -86.1 135.2 -86.1 7.90E-04 000.3 135.2 -86.1 0.300421 0.347788 0.321758 hargrave 2019-05-29 16:49:09 
AF1200 140.4 -86.7 140.4 -86.7 8.63E-04 000.3 140.4 -86.7 0.343731 0.377748 0.351985 hargrave 2019-05-29 16:50:31 
AF1250 141.0 -87.7 141.0 -87.7 9.93E-04 000.3 141.0 -87.7 0.409549 0.437503 0.378088 hargrave 2019-05-29 16:51:54 
AF1300 144.2 -87.2 144.2 -87.2 1.21E-03 000.3 144.2 -87.2 0.486521 0.488484 0.459619 hargrave 2019-05-29 16:53:18 
