SL- 15a mag compass orientation (IGRF corrected)
  708.8  -3.9   0.0   0.0   0.0   0.0
NRM    281.4  12.7 281.4  12.7 3.82E-03 000.5 015.3  12.7 2.269559 2.181247 1.538215 hargrave 2019-05-31 17:54:49 
AF  10 282.3  12.8 282.3  12.8 2.90E-03 000.5 016.2  12.8 1.779467 1.715618 1.155748 hargrave 2019-05-31 17:56:10 
AF  20 283.5  08.5 283.5  08.5 1.96E-03 000.5 017.4  08.5 1.254453 1.207438 0.769361 hargrave 2019-05-31 17:57:31 
AF  30 284.8  01.3 284.8  01.3 1.33E-03 000.4 018.7  01.3 0.692727 0.714871 0.503436 hargrave 2019-05-31 17:58:54 
AF  40 286.8 -12.2 286.8 -12.2 8.97E-04 000.4 020.7 -12.2 0.405274 0.445347 0.330979 hargrave 2019-05-31 18:01:09 
AF  50 288.7 -23.3 288.7 -23.3 7.23E-04 000.3 022.6 -23.3 0.189404 0.277651 0.261734 hargrave 2019-05-31 18:02:30 
AF  60 293.7 -36.4 293.7 -36.4 5.90E-04 000.2 027.6 -36.4 0.054429 0.198946 0.203401 hargrave 2019-05-31 18:03:50 
AF  70 291.5 -45.3 291.5 -45.3 5.29E-04 000.3 025.4 -45.3 0.067536 0.290132 0.151871 hargrave 2019-05-31 18:05:15 
AF  80 296.7 -52.4 296.7 -52.4 4.69E-04 000.3 030.6 -52.4 0.145543 0.212657 0.125293 hargrave 2019-05-31 18:06:39 
AF  90 295.3 -57.7 295.3 -57.7 4.52E-04 000.3 029.2 -57.7 0.107540 0.178230 0.092868 hargrave 2019-05-31 18:08:00 
AF 100 301.8 -58.2 301.8 -58.2 4.20E-04 000.4 035.7 -58.2 0.106997 0.233465 0.102468 hargrave 2019-05-31 18:09:24 
AF 120 298.5 -64.4 298.5 -64.4 3.81E-04 000.4 032.4 -64.4 0.163606 0.184939 0.068840 hargrave 2019-05-31 18:10:44 
AF 140 304.3 -64.6 304.3 -64.6 3.41E-04 000.4 038.2 -64.6 0.133977 0.163074 0.074655 hargrave 2019-05-31 18:12:05 
AF 160 306.7 -59.5 306.7 -59.5 2.93E-04 000.5 040.6 -59.5 0.156829 0.190438 0.079689 hargrave 2019-05-31 18:14:18 
AF 180 310.8 -68.1 310.8 -68.1 2.54E-04 000.4 044.7 -68.1 0.089588 0.138962 0.068088 hargrave 2019-05-31 18:15:42 
AF 200 330.3 -66.7 330.3 -66.7 2.22E-04 000.5 064.2 -66.7 0.099150 0.147107 0.062551 hargrave 2019-05-31 18:17:11 
AF 220 306.0 -69.2 306.0 -69.2 1.87E-04 000.5 039.9 -69.2 0.085108 0.128999 0.064263 hargrave 2019-05-31 18:18:31 
AF 240 328.4 -77.6 328.4 -77.6 1.89E-04 000.4 062.3 -77.6 0.101997 0.101997 0.037452 hargrave 2019-05-31 18:19:51 
AF 260 349.2 -74.2 349.2 -74.2 1.61E-04 000.4 083.1 -74.2 0.034676 0.090051 0.044288 hargrave 2019-05-31 18:21:12 
AF 280 346.6 -73.1 346.6 -73.1 1.53E-04 000.5 080.5 -73.1 0.060169 0.118833 0.024807 hargrave 2019-05-31 18:22:36 
AF 300 018.4 -75.4 018.4 -75.4 1.49E-04 000.5 112.3 -75.4 0.068267 0.107469 0.015814 hargrave 2019-05-31 18:23:57 
AF 320 286.5 -79.4 286.5 -79.4 1.09E-04 000.5 020.4 -79.4 0.062993 0.071712 0.025827 hargrave 2019-05-31 18:26:11 
AF 340 327.9 -67.9 327.9 -67.9 1.36E-04 000.4 061.8 -67.9 0.030214 0.075416 0.023397 hargrave 2019-05-31 18:27:31 
AF 360 274.3 -85.9 274.3 -85.9 1.08E-04 000.4 008.2 -85.9 0.054983 0.058988 0.018793 hargrave 2019-05-31 18:28:55 
AF 380 341.0 -54.7 341.0 -54.7 1.47E-04 000.3 074.9 -54.7 0.061719 0.040925 0.051707 hargrave 2019-05-31 18:30:17 
AF 400 346.1 -63.6 346.1 -63.6 1.04E-04 000.6 080.0 -63.6 0.028828 0.107236 0.035569 hargrave 2019-05-31 18:31:37 
AF 420 015.7 -74.1 015.7 -74.1 1.19E-04 000.6 109.6 -74.1 0.049723 0.109825 0.015344 hargrave 2019-05-31 18:33:01 
AF 440 005.5 -78.9 005.5 -78.9 1.26E-04 000.5 099.4 -78.9 0.040580 0.091087 0.035857 hargrave 2019-05-31 18:34:21 
AF 460 282.0 -76.3 282.0 -76.3 1.03E-04 000.6 015.9 -76.3 0.094857 0.071186 0.032510 hargrave 2019-05-31 18:35:45 
AF 480 053.8 -63.3 053.8 -63.3 1.14E-04 000.4 147.7 -63.3 0.048344 0.066507 0.009688 hargrave 2019-05-31 18:37:05 
AF 500 293.9 -78.6 293.9 -78.6 9.17E-05 000.7 027.8 -78.6 0.053503 0.095210 0.029779 hargrave 2019-05-31 18:39:18 
AF 520 320.9 -76.8 320.9 -76.8 1.11E-04 000.5 054.8 -76.8 0.065757 0.080372 0.022960 hargrave 2019-05-31 18:40:39 
AF 540 255.3 -85.9 255.3 -85.9 1.05E-04 000.6 349.2 -85.9 0.069492 0.087523 0.029025 hargrave 2019-05-31 18:41:59 
AF 560 104.5 -79.9 104.5 -79.9 1.02E-04 000.6 198.4 -79.9 0.086122 0.048222 0.011805 hargrave 2019-05-31 18:43:19 
AF 580 315.3 -67.7 315.3 -67.7 1.13E-04 000.6 049.2 -67.7 0.053679 0.099513 0.045946 hargrave 2019-05-31 18:44:39 
AF 600 039.3 -72.0 039.3 -72.0 9.18E-05 000.8 133.2 -72.0 0.096097 0.099916 0.016848 hargrave 2019-05-31 18:46:56 
AF 620 004.9 -72.7 004.9 -72.7 1.01E-04 000.9 098.8 -72.7 0.106353 0.107348 0.032897 hargrave 2019-05-31 18:48:20 
AF 640 285.0 -81.6 285.0 -81.6 1.21E-04 000.7 018.9 -81.6 0.079388 0.115135 0.025377 hargrave 2019-05-31 18:49:44 
AF 660 017.4 -83.5 017.4 -83.5 9.58E-05 000.5 111.3 -83.5 0.062835 0.060009 0.025238 hargrave 2019-05-31 18:51:04 
AF 680 339.5 -82.8 339.5 -82.8 1.35E-04 000.5 073.4 -82.8 0.077092 0.089422 0.035366 hargrave 2019-05-31 18:52:24 
AF 700 290.3 -85.3 290.3 -85.3 1.04E-04 000.5 024.2 -85.3 0.071846 0.069472 0.028793 hargrave 2019-05-31 18:53:45 
AF 720 320.9 -82.7 320.9 -82.7 1.46E-04 000.4 054.8 -82.7 0.028996 0.108011 0.026412 hargrave 2019-05-31 18:55:05 
AF 740 240.0 -84.7 240.0 -84.7 1.68E-04 000.5 333.9 -84.7 0.096081 0.112709 0.025818 hargrave 2019-05-31 18:56:29 
AF 760 277.3 -78.2 277.3 -78.2 1.85E-04 000.5 011.2 -78.2 0.093401 0.136148 0.062220 hargrave 2019-05-31 18:57:49 
AF 780 043.5 -80.4 043.5 -80.4 1.48E-04 000.4 137.4 -80.4 0.106957 0.030955 0.014196 hargrave 2019-05-31 18:59:10 
AF 800 025.4 -81.5 025.4 -81.5 1.92E-04 000.4 119.3 -81.5 0.014986 0.129723 0.029991 hargrave 2019-05-31 19:00:30 
AF 850 305.0 -76.7 305.0 -76.7 2.26E-04 000.5 038.9 -76.7 0.137440 0.128798 0.056535 hargrave 2019-05-31 19:01:51 
AF 900 290.7 -87.7 290.7 -87.7 2.63E-04 000.5 024.6 -87.7 0.130416 0.175458 0.051350 hargrave 2019-05-31 19:03:12 
AF 950 295.2 -87.4 295.2 -87.4 3.31E-04 000.5 029.1 -87.4 0.196931 0.194564 0.056694 hargrave 2019-05-31 19:04:36 
AF1000 253.7 -84.9 253.7 -84.9 3.80E-04 000.6 347.6 -84.9 0.248932 0.290387 0.060639 hargrave 2019-05-31 19:06:00 
AF1050 202.7 -87.6 202.7 -87.6 4.62E-04 000.5 296.6 -87.6 0.329801 0.294137 0.060996 hargrave 2019-05-31 19:07:21 
AF1100 335.3 -85.8 335.3 -85.8 4.86E-04 000.5 069.2 -85.8 0.270988 0.313330 0.040517 hargrave 2019-05-31 19:08:46 
AF1150 106.2 -87.4 106.2 -87.4 5.22E-04 000.5 200.1 -87.4 0.348094 0.295632 0.061018 hargrave 2019-05-31 19:10:07 
AF1200 056.3 -87.4 056.3 -87.4 5.81E-04 000.5 150.2 -87.4 0.323212 0.361797 0.043826 hargrave 2019-05-31 19:11:29 
AF1250 042.0 -86.2 042.0 -86.2 6.14E-04 000.5 135.9 -86.2 0.380404 0.391721 0.052729 hargrave 2019-05-31 19:12:55 
AF1300 187.2 -87.9 187.2 -87.9 7.94E-04 000.5 281.1 -87.9 0.524355 0.478249 0.093182 hargrave 2019-05-31 19:14:19 
