SL- 21a mag compass orientation (IGRF corrected)
  799.9  -3.9   0.0   0.0   0.0   0.0
NRM    246.0 -51.9 246.0 -51.9 4.84E-03 000.4 339.9 -51.9 2.463086 2.416336 1.497637 hargrave 2019-05-28 17:16:31 
AF  10 236.7  75.8 236.7  75.8 7.40E-03 000.5 330.6  75.8 4.199595 3.932973 4.106235 hargrave 2019-05-28 17:18:00 
AF  20 234.2  64.3 234.2  64.3 3.64E-03 000.5 328.1  64.3 2.329214 1.827680 1.861058 hargrave 2019-05-28 17:19:38 
AF  30 225.5  78.1 225.5  78.1 6.81E-03 000.5 319.4  78.1 3.901160 3.843445 2.751004 hargrave 2019-05-28 17:21:20 
AF  40 212.8  78.3 212.8  78.3 5.39E-03 000.4 306.7  78.3 2.617864 2.982660 1.727358 hargrave 2019-05-28 17:23:45 
AF  50 216.3  79.0 216.3  79.0 6.12E-03 000.5 310.2  79.0 3.385479 3.267071 2.177715 hargrave 2019-05-28 17:25:29 
AF  60 209.8  81.0 209.8  81.0 6.85E-03 000.4 303.7  81.0 3.514437 3.590454 2.358498 hargrave 2019-05-28 17:26:39 
AF  70 219.7  78.9 219.7  78.9 6.10E-03 000.5 313.6  78.9 3.245774 3.309309 1.827660 hargrave 2019-05-28 17:27:49 
AF  80 209.2  81.5 209.2  81.5 6.54E-03 000.4 303.1  81.5 2.943217 3.427296 2.348652 hargrave 2019-05-28 17:28:59 
AF  90 147.9  84.9 147.9  84.9 9.63E-03 000.4 241.8  84.9 4.910840 5.235469 2.194906 hargrave 2019-05-28 17:30:13 
AF 100 133.6  84.5 133.6  84.5 1.06E-02 000.4 227.5  84.5 5.481304 5.913891 2.438100 hargrave 2019-05-28 17:31:23 
AF 120 119.8  85.0 119.8  85.0 1.47E-02 000.4 213.7  85.0 7.415985 8.058179 2.218282 hargrave 2019-05-28 17:32:34 
AF 140 151.5  87.0 151.5  87.0 1.31E-02 000.4 245.4  87.0 6.740342 7.092320 3.029139 hargrave 2019-05-28 17:33:45 
AF 160 113.2  85.5 113.2  85.5 1.54E-02 000.4 207.1  85.5 8.047639 8.368672 3.013417 hargrave 2019-05-28 17:34:55 
AF 180 153.8  86.5 153.8  86.5 7.44E-03 000.4 247.7  86.5 3.839164 3.821087 2.233137 hargrave 2019-05-28 17:36:05 
AF 200 105.2  83.0 105.2  83.0 9.65E-03 000.4 199.1  83.0 4.991234 5.632750 1.348127 hargrave 2019-05-28 17:37:58 
AF 250 101.9  85.1 101.9  85.1 1.22E-02 000.4 195.8  85.1 6.619823 6.935321 2.075409 hargrave 2019-05-28 17:39:08 
AF 300 103.4  88.3 103.4  88.3 9.21E-03 000.4 197.3  88.3 4.876114 5.023191 1.616641 hargrave 2019-05-28 17:40:19 
AF 350 208.1  89.6 208.1  89.6 8.52E-03 000.4 302.0  89.6 4.310786 4.450000 1.623435 hargrave 2019-05-28 17:41:29 
AF 400 087.2  88.2 087.2  88.2 1.40E-02 000.4 181.1  88.2 7.177677 7.379316 2.285778 hargrave 2019-05-28 17:43:23 
AF 450 090.5  88.3 090.5  88.3 1.22E-02 000.4 184.4  88.3 6.317541 6.459578 2.515012 hargrave 2019-05-28 17:44:33 
AF 500 082.9  81.7 082.9  81.7 6.43E-03 000.4 176.8  81.7 3.342840 3.541206 0.884114 hargrave 2019-05-28 17:45:43 
AF 550 077.5  85.4 077.5  85.4 8.60E-03 000.4 171.4  85.4 4.597047 4.789231 1.655940 hargrave 2019-05-28 17:48:16 
AF 600 082.9  82.8 082.9  82.8 1.09E-02 000.4 176.8  82.8 5.858352 5.984421 1.697138 hargrave 2019-05-28 17:49:28 
AF 650 082.0  83.7 082.0  83.7 1.22E-02 000.4 175.9  83.7 6.595745 7.030553 1.082625 hargrave 2019-05-28 17:50:38 
AF 700 078.7  85.1 078.7  85.1 1.45E-02 000.4 172.6  85.1 7.695166 8.077486 1.679191 hargrave 2019-05-28 17:52:30 
AF 750 086.1  83.9 086.1  83.9 1.25E-02 000.4 180.0  83.9 6.624556 6.907388 1.524419 hargrave 2019-05-28 17:53:40 
AF 800 079.0  85.9 079.0  85.9 1.34E-02 000.4 172.9  85.9 7.063675 7.395427 1.873382 hargrave 2019-05-28 17:54:50 
AF 850 086.3  81.0 086.3  81.0 8.18E-03 000.4 180.2  81.0 4.336248 4.591166 1.591852 hargrave 2019-05-28 17:56:00 
AF 900 081.9  85.0 081.9  85.0 1.29E-02 000.4 175.8  85.0 6.903854 7.227892 1.710367 hargrave 2019-05-28 17:57:12 
AF 950 087.5  83.3 087.5  83.3 1.37E-02 000.4 181.4  83.3 7.256120 7.667986 1.646813 hargrave 2019-05-28 17:58:23 
AF1000 087.0  83.9 087.0  83.9 1.47E-02 000.4 180.9  83.9 7.858954 8.312136 1.844021 hargrave 2019-05-28 17:59:33 
AF1050 067.6  89.9 067.6  89.9 1.43E-02 000.4 161.5  89.9 7.295900 7.364565 3.201955 hargrave 2019-05-28 18:00:44 
AF1100 088.1  83.2 088.1  83.2 1.42E-02 000.4 182.0  83.2 7.444594 8.218076 1.535955 hargrave 2019-05-28 18:02:36 
AF1150 087.2  84.8 087.2  84.8 1.82E-02 000.4 181.1  84.8 9.564132 10.34314 2.618896 hargrave 2019-05-28 18:03:49 
AF1200 038.3  89.1 038.3  89.1 1.64E-02 000.4 132.2  89.1 8.466107 8.434702 3.063741 hargrave 2019-05-28 18:05:01 
AF1250 088.4  83.0 088.4  83.0 1.48E-02 000.4 182.3  83.0 7.655281 8.619839 1.663267 hargrave 2019-05-28 18:06:54 
AF1300 089.2  81.5 089.2  81.5 1.11E-02 000.4 183.1  81.5 5.859323 6.317357 1.174405 hargrave 2019-05-28 18:08:07 
