SL- 20a mag compass orientation (IGRF corrected)
  746.4  -3.9   0.0   0.0   0.0   0.0
NRM    275.8  12.4 275.8  12.4 4.34E-03 000.5 009.7  12.4 1.436717 3.681252 0.973641 hargrave 2019-06-01 00:25:41 
AF  10 287.0  09.7 287.0  09.7 4.22E-03 000.4 020.9  09.7 1.743294 2.772558 0.906597 hargrave 2019-06-01 00:27:01 
AF  20 293.7  06.1 293.7  06.1 4.01E-03 000.3 027.6  06.1 1.348894 1.599625 0.990189 hargrave 2019-06-01 00:29:15 
AF  30 294.6  02.3 294.6  02.3 3.75E-03 000.5 028.5  02.3 1.494642 2.833426 0.969992 hargrave 2019-06-01 00:30:43 
AF  40 296.6 -02.5 296.6 -02.5 3.42E-03 000.4 030.5 -02.5 2.108763 1.961631 0.964780 hargrave 2019-06-01 00:32:02 
AF  50 297.9 -07.3 297.9 -07.3 3.20E-03 000.5 031.8 -07.3 1.732789 2.448911 0.935395 hargrave 2019-06-01 00:33:33 
AF  60 299.3 -11.8 299.3 -11.8 2.98E-03 000.4 033.2 -11.8 2.053419 1.530660 0.954487 hargrave 2019-06-01 00:34:53 
AF  70 300.3 -16.4 300.3 -16.4 2.79E-03 000.4 034.2 -16.4 1.863013 1.536127 0.919505 hargrave 2019-06-01 00:36:17 
AF  80 301.1 -21.1 301.1 -21.1 2.63E-03 000.4 035.0 -21.1 1.837235 1.554208 0.918325 hargrave 2019-06-01 00:37:41 
AF  90 301.9 -25.7 301.9 -25.7 2.48E-03 000.5 035.8 -25.7 1.835590 1.526839 0.895103 hargrave 2019-06-01 00:39:04 
AF 100 303.2 -30.1 303.2 -30.1 2.35E-03 000.5 037.1 -30.1 1.876082 1.380279 0.852579 hargrave 2019-06-01 00:40:25 
AF 120 304.3 -37.5 304.3 -37.5 2.13E-03 000.5 038.2 -37.5 1.757207 1.296408 0.781032 hargrave 2019-06-01 00:41:45 
AF 140 305.6 -43.8 305.6 -43.8 1.96E-03 000.6 039.5 -43.8 1.611201 1.416142 0.712291 hargrave 2019-06-01 00:43:09 
AF 160 308.1 -49.0 308.1 -49.0 1.77E-03 000.6 042.0 -49.0 1.412302 1.136859 0.648611 hargrave 2019-06-01 00:44:29 
AF 180 310.3 -53.4 310.3 -53.4 1.57E-03 000.6 044.2 -53.4 1.302660 1.144860 0.574229 hargrave 2019-06-01 00:45:53 
AF 200 311.6 -57.0 311.6 -57.0 1.41E-03 000.6 045.5 -57.0 1.171928 0.909715 0.497009 hargrave 2019-06-01 00:47:14 
AF 220 311.5 -60.9 311.5 -60.9 1.22E-03 000.6 045.4 -60.9 1.008974 0.891372 0.426134 hargrave 2019-06-01 00:48:38 
AF 240 315.3 -62.7 315.3 -62.7 1.07E-03 000.6 049.2 -62.7 0.836646 0.697745 0.363557 hargrave 2019-06-01 00:49:58 
AF 260 314.0 -65.2 314.0 -65.2 9.22E-04 000.6 047.9 -65.2 0.710567 0.598505 0.309713 hargrave 2019-06-01 00:51:19 
AF 280 314.4 -65.6 314.4 -65.6 8.15E-04 000.6 048.3 -65.6 0.637510 0.593409 0.261781 hargrave 2019-06-01 00:52:39 
AF 300 315.0 -68.7 315.0 -68.7 7.11E-04 000.6 048.9 -68.7 0.538624 0.530415 0.245518 hargrave 2019-06-01 00:54:03 
AF 320 314.9 -69.5 314.9 -69.5 6.41E-04 000.6 048.8 -69.5 0.446990 0.523868 0.213423 hargrave 2019-06-01 00:55:31 
AF 340 320.6 -71.5 320.6 -71.5 5.48E-04 000.6 054.5 -71.5 0.353475 0.432336 0.184365 hargrave 2019-06-01 00:56:58 
AF 360 323.8 -75.9 323.8 -75.9 5.23E-04 000.6 057.7 -75.9 0.365445 0.360827 0.146172 hargrave 2019-06-01 00:58:18 
AF 380 331.6 -73.7 331.6 -73.7 4.61E-04 000.7 065.5 -73.7 0.354197 0.373577 0.149707 hargrave 2019-06-01 00:59:41 
AF 400 318.0 -74.2 318.0 -74.2 3.94E-04 000.6 051.9 -74.2 0.290261 0.303656 0.111605 hargrave 2019-06-01 01:01:08 
AF 420 341.9 -78.9 341.9 -78.9 4.08E-04 000.6 075.8 -78.9 0.319301 0.309330 0.112125 hargrave 2019-06-01 01:02:32 
AF 440 331.0 -80.5 331.0 -80.5 3.66E-04 000.6 064.9 -80.5 0.276819 0.260541 0.099435 hargrave 2019-06-01 01:03:56 
AF 460 339.8 -78.7 339.8 -78.7 3.55E-04 000.6 073.7 -78.7 0.205249 0.280405 0.098117 hargrave 2019-06-01 01:05:16 
AF 480 330.2 -81.4 330.2 -81.4 3.06E-04 000.6 064.1 -81.4 0.190081 0.244811 0.069450 hargrave 2019-06-01 01:06:36 
AF 500 006.3 -83.6 006.3 -83.6 3.13E-04 000.5 100.2 -83.6 0.193659 0.217405 0.056955 hargrave 2019-06-01 01:08:04 
AF 520 037.9 -80.5 037.9 -80.5 3.10E-04 000.6 131.8 -80.5 0.175181 0.260636 0.075442 hargrave 2019-06-01 01:09:24 
AF 540 030.1 -87.7 030.1 -87.7 2.98E-04 000.5 124.0 -87.7 0.178250 0.214111 0.056070 hargrave 2019-06-01 01:10:44 
AF 560 352.5 -82.3 352.5 -82.3 3.09E-04 000.5 086.4 -82.3 0.170560 0.192302 0.071591 hargrave 2019-06-01 01:12:05 
AF 580 056.6 -79.8 056.6 -79.8 2.84E-04 000.6 150.5 -79.8 0.169134 0.250604 0.061666 hargrave 2019-06-01 01:13:25 
AF 600 032.9 -87.3 032.9 -87.3 2.91E-04 000.6 126.8 -87.3 0.201555 0.201434 0.058347 hargrave 2019-06-01 01:14:45 
AF 620 049.7 -87.4 049.7 -87.4 3.10E-04 000.5 143.6 -87.4 0.202086 0.207819 0.061541 hargrave 2019-06-01 01:16:05 
AF 640 068.4 -84.9 068.4 -84.9 3.30E-04 000.5 162.3 -84.9 0.212709 0.222682 0.049307 hargrave 2019-06-01 01:17:26 
AF 660 047.9 -82.3 047.9 -82.3 3.22E-04 000.5 141.8 -82.3 0.180244 0.231008 0.059039 hargrave 2019-06-01 01:18:46 
AF 680 052.6 -81.3 052.6 -81.3 3.14E-04 000.6 146.5 -81.3 0.204734 0.237892 0.075425 hargrave 2019-06-01 01:20:09 
AF 700 067.6 -80.2 067.6 -80.2 3.61E-04 000.6 161.5 -80.2 0.236369 0.270545 0.074022 hargrave 2019-06-01 01:21:33 
AF 720 032.6 -81.1 032.6 -81.1 3.64E-04 000.6 126.5 -81.1 0.210341 0.291917 0.093726 hargrave 2019-06-01 01:22:57 
AF 740 051.5 -83.1 051.5 -83.1 4.06E-04 000.6 145.4 -83.1 0.306685 0.316180 0.103180 hargrave 2019-06-01 01:24:17 
AF 760 044.7 -82.5 044.7 -82.5 4.33E-04 000.5 138.6 -82.5 0.259524 0.264855 0.104593 hargrave 2019-06-01 01:25:41 
AF 780 081.8 -81.8 081.8 -81.8 5.00E-04 000.5 175.7 -81.8 0.339558 0.282266 0.095713 hargrave 2019-06-01 01:27:05 
AF 800 074.9 -83.5 074.9 -83.5 5.03E-04 000.5 168.8 -83.5 0.301906 0.343213 0.110739 hargrave 2019-06-01 01:28:25 
AF 850 098.0 -87.1 098.0 -87.1 6.67E-04 000.5 191.9 -87.1 0.441012 0.444460 0.143474 hargrave 2019-06-01 01:29:46 
AF 900 087.6 -83.9 087.6 -83.9 8.21E-04 000.5 181.5 -83.9 0.486282 0.505729 0.158564 hargrave 2019-06-01 01:31:11 
AF 950 086.4 -86.5 086.4 -86.5 9.70E-04 000.5 180.3 -86.5 0.570297 0.602775 0.192150 hargrave 2019-06-01 01:32:31 
AF1000 053.9 -87.1 053.9 -87.1 1.18E-03 000.5 147.8 -87.1 0.743204 0.764350 0.255298 hargrave 2019-06-01 01:33:55 
AF1050 045.4 -87.8 045.4 -87.8 1.39E-03 000.5 139.3 -87.8 0.879543 0.940145 0.308905 hargrave 2019-06-01 01:35:20 
AF1100 052.2 -87.3 052.2 -87.3 1.56E-03 000.5 146.1 -87.3 0.951928 1.059236 0.347564 hargrave 2019-06-01 01:36:41 
AF1150 079.9 -87.9 079.9 -87.9 1.67E-03 000.5 173.8 -87.9 1.087730 1.074603 0.345129 hargrave 2019-06-01 01:38:03 
AF1200 079.0 -88.1 079.0 -88.1 1.80E-03 000.5 172.9 -88.1 1.170719 1.157613 0.360317 hargrave 2019-06-01 01:39:32 
AF1250 081.1 -87.6 081.1 -87.6 2.04E-03 000.5 175.0 -87.6 1.305002 1.363301 0.450766 hargrave 2019-06-01 01:40:57 
AF1300 063.7 -88.8 063.7 -88.8 2.48E-03 000.5 157.6 -88.8 1.610905 1.628551 0.568828 hargrave 2019-06-01 01:43:14 
