SL- 2a mag compass orientation (IGRF corrected)
 414.15   0.0   0.0   0.0   0.0   0.0
NRM    324.3  74.4 324.3  74.4 9.80E-04 000.4 054.3  74.4 0.592562 0.397446 0.242437 hargrave 2019-05-29 09:46:03 
AF  10 335.4  73.1 335.4  73.1 7.83E-04 000.4 065.4  73.1 0.454415 0.274648 0.163163 hargrave 2019-05-29 09:47:24 
AF  20 337.5  72.3 337.5  72.3 6.30E-04 000.4 067.5  72.3 0.423545 0.249053 0.121325 hargrave 2019-05-29 09:48:44 
AF  30 335.6  71.0 335.6  71.0 5.10E-04 000.5 065.6  71.0 0.409958 0.176791 0.098233 hargrave 2019-05-29 09:50:09 
AF  40 331.3  65.8 331.3  65.8 3.30E-04 000.6 061.3  65.8 0.265468 0.196217 0.073819 hargrave 2019-05-29 09:51:28 
AF  50 327.7  56.2 327.7  56.2 2.08E-04 000.9 057.7  56.2 0.276815 0.197207 0.062257 hargrave 2019-05-29 09:52:52 
AF  60 321.4  31.3 321.4  31.3 1.18E-04 001.2 051.4  31.3 0.203303 0.183367 0.049208 hargrave 2019-05-29 09:54:12 
AF  70 316.6 -20.5 316.6 -20.5 9.16E-05 001.7 046.6 -20.5 0.202203 0.209345 0.040396 hargrave 2019-05-29 09:55:36 
AF  80 308.9 -55.8 308.9 -55.8 1.39E-04 001.1 038.9 -55.8 0.187374 0.223296 0.048655 hargrave 2019-05-29 09:56:56 
AF  90 304.2 -67.6 304.2 -67.6 1.85E-04 000.9 034.2 -67.6 0.168347 0.228584 0.044211 hargrave 2019-05-29 09:58:16 
AF 100 298.2 -72.3 298.2 -72.3 2.19E-04 000.7 028.2 -72.3 0.137873 0.227366 0.040865 hargrave 2019-05-29 10:00:26 
AF 120 290.3 -77.4 290.3 -77.4 2.60E-04 000.6 020.3 -77.4 0.150988 0.221368 0.039001 hargrave 2019-05-29 10:01:46 
AF 140 284.1 -78.4 284.1 -78.4 2.79E-04 000.5 014.1 -78.4 0.138264 0.208291 0.038869 hargrave 2019-05-29 10:03:14 
AF 160 280.8 -79.0 280.8 -79.0 2.75E-04 000.5 010.8 -79.0 0.140644 0.192829 0.038326 hargrave 2019-05-29 10:04:34 
AF 180 274.9 -79.9 274.9 -79.9 2.68E-04 000.4 004.9 -79.9 0.108080 0.138769 0.035703 hargrave 2019-05-29 10:05:54 
AF 200 273.7 -80.9 273.7 -80.9 2.57E-04 000.4 003.7 -80.9 0.087702 0.157887 0.036939 hargrave 2019-05-29 10:07:14 
AF 250 272.2 -82.0 272.2 -82.0 2.18E-04 000.4 002.2 -82.0 0.063880 0.146497 0.034450 hargrave 2019-05-29 10:08:34 
AF 300 251.1 -82.1 251.1 -82.1 1.89E-04 000.4 341.1 -82.1 0.087709 0.097022 0.024106 hargrave 2019-05-29 10:09:54 
AF 350 260.8 -84.1 260.8 -84.1 1.62E-04 000.4 350.8 -84.1 0.062242 0.098402 0.029250 hargrave 2019-05-29 10:11:14 
AF 400 270.5 -83.2 270.5 -83.2 1.34E-04 000.4 000.5 -83.2 0.049371 0.080502 0.028088 hargrave 2019-05-29 10:12:34 
AF 450 294.3 -87.4 294.3 -87.4 1.18E-04 000.4 024.3 -87.4 0.048874 0.056302 0.027251 hargrave 2019-05-29 10:13:54 
AF 500 260.2 -84.9 260.2 -84.9 1.04E-04 000.4 350.2 -84.9 0.035206 0.063919 0.016974 hargrave 2019-05-29 10:15:14 
AF 550 093.6 -89.5 093.6 -89.5 8.87E-05 000.3 183.6 -89.5 0.036685 0.034857 0.020350 hargrave 2019-05-29 10:16:34 
AF 600 322.6 -88.1 322.6 -88.1 9.47E-05 000.3 052.6 -88.1 0.033371 0.032731 0.020363 hargrave 2019-05-29 10:17:54 
AF 650 068.4 -86.8 068.4 -86.8 1.00E-04 000.3 158.4 -86.8 0.042582 0.026855 0.028637 hargrave 2019-05-29 10:19:14 
AF 700 052.4 -87.1 052.4 -87.1 1.10E-04 000.3 142.4 -87.1 0.039697 0.031056 0.027066 hargrave 2019-05-29 10:20:34 
AF 750 145.8 -88.3 145.8 -88.3 1.31E-04 000.3 235.8 -88.3 0.051798 0.049987 0.024630 hargrave 2019-05-29 10:21:53 
AF 800 103.1 -85.3 103.1 -85.3 1.50E-04 000.4 193.1 -85.3 0.081107 0.047112 0.031022 hargrave 2019-05-29 10:23:14 
AF 850 078.0 -86.7 078.0 -86.7 1.93E-04 000.3 168.0 -86.7 0.083924 0.058464 0.047544 hargrave 2019-05-29 10:24:35 
AF 900 097.4 -87.3 097.4 -87.3 2.28E-04 000.3 187.4 -87.3 0.108334 0.081901 0.050752 hargrave 2019-05-29 10:25:58 
AF 950 077.3 -86.5 077.3 -86.5 2.75E-04 000.3 167.3 -86.5 0.121330 0.084001 0.061973 hargrave 2019-05-29 10:27:19 
AF1000 086.7 -87.4 086.7 -87.4 3.37E-04 000.4 176.7 -87.4 0.174252 0.142533 0.066558 hargrave 2019-05-29 10:28:39 
AF1050 094.5 -86.3 094.5 -86.3 3.92E-04 000.4 184.5 -86.3 0.211251 0.147969 0.081283 hargrave 2019-05-29 10:30:04 
AF1100 086.2 -86.0 086.2 -86.0 4.44E-04 000.4 176.2 -86.0 0.192238 0.208852 0.098966 hargrave 2019-05-29 10:31:24 
AF1150 082.5 -86.2 082.5 -86.2 4.75E-04 000.4 172.5 -86.2 0.201048 0.213119 0.103874 hargrave 2019-05-29 10:32:45 
AF1200 082.3 -86.5 082.3 -86.5 5.08E-04 000.3 172.3 -86.5 0.212525 0.214985 0.106266 hargrave 2019-05-29 10:34:07 
AF1250 080.1 -86.2 080.1 -86.2 5.76E-04 000.3 170.1 -86.2 0.263789 0.214931 0.124177 hargrave 2019-05-29 10:35:32 
AF1300 081.4 -86.1 081.4 -86.1 7.14E-04 000.4 171.4 -86.1 0.385130 0.250014 0.154226 hargrave 2019-05-29 10:36:55 
