SL- 3a mag compass orientation (IGRF corrected)
  414.6  90.0   0.0   0.0   0.0   0.0
NRM    001.8 -49.7 001.8 -49.7 6.03E-04 000.4 001.8 -49.7 0.172907 0.353563 0.201504 hargrave 2019-05-29 18:37:13 
AF  10 003.0 -51.4 003.0 -51.4 5.98E-04 000.4 003.0 -51.4 0.155960 0.366406 0.201277 hargrave 2019-05-29 18:38:33 
AF  20 003.1 -53.9 003.1 -53.9 5.97E-04 000.4 003.1 -53.9 0.160186 0.379275 0.182730 hargrave 2019-05-29 18:39:52 
AF  30 002.3 -57.2 002.3 -57.2 6.14E-04 000.5 002.3 -57.2 0.153802 0.471613 0.168905 hargrave 2019-05-29 18:41:16 
AF  40 001.6 -61.0 001.6 -61.0 6.43E-04 000.4 001.6 -61.0 0.173071 0.428500 0.150421 hargrave 2019-05-29 18:42:39 
AF  50 001.0 -63.6 001.0 -63.6 6.66E-04 000.4 001.0 -63.6 0.235571 0.364868 0.131069 hargrave 2019-05-29 18:43:59 
AF  60 000.2 -65.7 000.2 -65.7 6.81E-04 000.4 000.2 -65.7 0.211399 0.393027 0.117681 hargrave 2019-05-29 18:45:19 
AF  70 359.3 -67.3 359.3 -67.3 6.93E-04 000.4 359.3 -67.3 0.214149 0.417073 0.106109 hargrave 2019-05-29 18:46:39 
AF  80 359.0 -68.8 359.0 -68.8 6.95E-04 000.4 359.0 -68.8 0.251469 0.461044 0.095557 hargrave 2019-05-29 18:48:02 
AF  90 358.5 -69.8 358.5 -69.8 6.87E-04 000.4 358.5 -69.8 0.236746 0.368488 0.092857 hargrave 2019-05-29 18:49:22 
AF 100 358.3 -70.6 358.3 -70.6 6.80E-04 000.4 358.3 -70.6 0.256725 0.328049 0.081034 hargrave 2019-05-29 18:50:42 
AF 120 358.5 -71.7 358.5 -71.7 6.57E-04 000.4 358.5 -71.7 0.234138 0.357860 0.071368 hargrave 2019-05-29 18:52:06 
AF 140 358.7 -72.4 358.7 -72.4 6.25E-04 000.4 358.7 -72.4 0.212755 0.379202 0.064431 hargrave 2019-05-29 18:53:29 
AF 160 358.0 -73.0 358.0 -73.0 5.93E-04 000.4 358.0 -73.0 0.199225 0.317257 0.055519 hargrave 2019-05-29 18:54:49 
AF 180 359.9 -73.2 359.9 -73.2 5.59E-04 000.3 359.9 -73.2 0.191416 0.272932 0.052055 hargrave 2019-05-29 18:56:09 
AF 200 359.1 -73.7 359.1 -73.7 5.29E-04 000.4 359.1 -73.7 0.167848 0.297300 0.047182 hargrave 2019-05-29 18:57:29 
AF 220 358.0 -73.7 358.0 -73.7 4.94E-04 000.4 358.0 -73.7 0.174531 0.264080 0.043772 hargrave 2019-05-29 18:58:53 
AF 240 358.4 -74.2 358.4 -74.2 4.65E-04 000.4 358.4 -74.2 0.145849 0.261628 0.039331 hargrave 2019-05-29 19:00:13 
AF 260 358.1 -74.0 358.1 -74.0 4.33E-04 000.4 358.1 -74.0 0.144731 0.244518 0.039287 hargrave 2019-05-29 19:01:36 
AF 280 357.3 -74.3 357.3 -74.3 4.02E-04 000.4 357.3 -74.3 0.120592 0.237802 0.035671 hargrave 2019-05-29 19:02:57 
AF 300 359.5 -74.1 359.5 -74.1 3.74E-04 000.4 359.5 -74.1 0.105413 0.236513 0.035426 hargrave 2019-05-29 19:04:21 
AF 320 356.7 -74.3 356.7 -74.3 3.47E-04 000.4 356.7 -74.3 0.122904 0.189328 0.031417 hargrave 2019-05-29 19:05:45 
AF 340 357.8 -74.3 357.8 -74.3 3.19E-04 000.4 357.8 -74.3 0.094265 0.184227 0.031245 hargrave 2019-05-29 19:07:08 
AF 360 356.6 -74.1 356.6 -74.1 3.01E-04 000.3 356.6 -74.1 0.089920 0.151725 0.027562 hargrave 2019-05-29 19:08:28 
AF 380 357.4 -74.7 357.4 -74.7 2.81E-04 000.4 357.4 -74.7 0.092608 0.174329 0.026031 hargrave 2019-05-29 19:09:48 
AF 400 356.7 -74.3 356.7 -74.3 2.59E-04 000.4 356.7 -74.3 0.078273 0.155793 0.024636 hargrave 2019-05-29 19:11:12 
AF 420 000.3 -74.2 000.3 -74.2 2.45E-04 000.4 000.3 -74.2 0.085101 0.125315 0.026513 hargrave 2019-05-29 19:12:32 
AF 440 359.7 -74.9 359.7 -74.9 2.27E-04 000.4 359.7 -74.9 0.053490 0.161583 0.023134 hargrave 2019-05-29 19:13:52 
AF 460 359.5 -75.5 359.5 -75.5 2.08E-04 000.5 359.5 -75.5 0.069880 0.151261 0.020629 hargrave 2019-05-29 19:15:15 
AF 480 355.6 -75.7 355.6 -75.7 1.99E-04 000.4 355.6 -75.7 0.065391 0.114405 0.018787 hargrave 2019-05-29 19:16:36 
AF 500 353.8 -76.0 353.8 -76.0 1.87E-04 000.4 353.8 -76.0 0.055823 0.112011 0.017608 hargrave 2019-05-29 19:17:59 
AF 520 355.4 -76.8 355.4 -76.8 1.75E-04 000.5 355.4 -76.8 0.046344 0.149664 0.016135 hargrave 2019-05-29 19:19:19 
AF 540 354.3 -77.2 354.3 -77.2 1.66E-04 000.5 354.3 -77.2 0.029406 0.135720 0.015664 hargrave 2019-05-29 19:20:43 
AF 560 356.2 -75.6 356.2 -75.6 1.58E-04 000.5 356.2 -75.6 0.030906 0.141654 0.017839 hargrave 2019-05-29 19:22:03 
AF 580 353.1 -76.0 353.1 -76.0 1.52E-04 000.6 353.1 -76.0 0.047862 0.141964 0.015023 hargrave 2019-05-29 19:23:30 
AF 600 351.5 -78.4 351.5 -78.4 1.43E-04 000.5 351.5 -78.4 0.046647 0.103371 0.014074 hargrave 2019-05-29 19:24:54 
AF 620 354.8 -77.4 354.8 -77.4 1.42E-04 000.5 354.8 -77.4 0.040938 0.118632 0.015365 hargrave 2019-05-29 19:26:14 
AF 640 359.4 -78.1 359.4 -78.1 1.32E-04 000.5 359.4 -78.1 0.071097 0.091657 0.012358 hargrave 2019-05-29 19:27:38 
AF 660 359.3 -77.4 359.3 -77.4 1.28E-04 000.5 359.3 -77.4 0.051628 0.095879 0.015100 hargrave 2019-05-29 19:29:02 
AF 680 352.4 -80.4 352.4 -80.4 1.25E-04 000.4 352.4 -80.4 0.048554 0.074111 0.012661 hargrave 2019-05-29 19:30:22 
AF 700 356.3 -80.0 356.3 -80.0 1.25E-04 000.4 356.3 -80.0 0.046208 0.080124 0.012840 hargrave 2019-05-29 19:31:42 
AF 720 355.1 -80.4 355.1 -80.4 1.21E-04 000.4 355.1 -80.4 0.049603 0.076120 0.014309 hargrave 2019-05-29 19:33:01 
AF 740 000.1 -80.0 000.1 -80.0 1.20E-04 000.4 000.1 -80.0 0.047214 0.070173 0.015060 hargrave 2019-05-29 19:34:22 
AF 760 347.0 -82.6 347.0 -82.6 1.17E-04 000.4 347.0 -82.6 0.031018 0.070030 0.011583 hargrave 2019-05-29 19:35:42 
AF 780 354.1 -80.0 354.1 -80.0 1.14E-04 000.4 354.1 -80.0 0.048287 0.072352 0.013334 hargrave 2019-05-29 19:37:01 
AF 800 011.6 -83.8 011.6 -83.8 1.22E-04 000.3 011.6 -83.8 0.035637 0.061058 0.016442 hargrave 2019-05-29 19:38:21 
AF 850 341.3 -84.4 341.3 -84.4 1.30E-04 000.3 341.3 -84.4 0.037373 0.068152 0.012408 hargrave 2019-05-29 19:39:43 
AF 900 341.8 -86.3 341.8 -86.3 1.39E-04 000.3 341.8 -86.3 0.046130 0.068101 0.014720 hargrave 2019-05-29 19:41:03 
AF 950 333.2 -88.2 333.2 -88.2 1.57E-04 000.3 333.2 -88.2 0.055110 0.063651 0.018602 hargrave 2019-05-29 19:42:24 
AF1000 349.3 -88.0 349.3 -88.0 1.75E-04 000.3 349.3 -88.0 0.059684 0.071885 0.023684 hargrave 2019-05-29 19:43:45 
AF1050 019.7 -88.5 019.7 -88.5 1.99E-04 000.3 019.7 -88.5 0.070459 0.085866 0.028390 hargrave 2019-05-29 19:45:09 
AF1100 020.2 -89.5 020.2 -89.5 2.15E-04 000.3 020.2 -89.5 0.080219 0.088136 0.029487 hargrave 2019-05-29 19:46:30 
AF1150 187.2 -89.5 187.2 -89.5 2.28E-04 000.3 187.2 -89.5 0.092396 0.090740 0.034150 hargrave 2019-05-29 19:47:51 
AF1200 153.3 -87.5 153.3 -87.5 2.46E-04 000.3 153.3 -87.5 0.105406 0.089148 0.042478 hargrave 2019-05-29 19:49:20 
AF1250 156.4 -88.9 156.4 -88.9 2.84E-04 000.3 156.4 -88.9 0.117439 0.113342 0.042373 hargrave 2019-05-29 19:50:42 
AF1300 146.4 -88.0 146.4 -88.0 3.68E-04 000.3 146.4 -88.0 0.151013 0.146463 0.060427 hargrave 2019-05-29 19:52:05 
