SL- 4a mag compass orientation (IGRF corrected)
  417.6  -3.9   0.0   0.0   0.0   0.0
NRM    255.5 -59.6 255.5 -59.6 4.45E-02 000.7 349.4 -59.6 21.78891 45.62659 10.70825 hargrave 2019-05-30 17:26:59 
NRM    255.2 -59.2 255.2 -59.2 4.29E-02 000.6 349.1 -59.2 21.14467 35.82871 9.657580 hargrave 2019-05-30 17:33:42 
AF  10 250.3 -59.1 250.3 -59.1 4.31E-02 000.5 344.2 -59.1 20.98875 33.44780 10.98794 hargrave 2019-05-30 17:35:03 
AF  20 241.5 -62.6 241.5 -62.6 4.32E-02 000.6 335.4 -62.6 22.41968 40.25248 11.62763 hargrave 2019-05-30 17:36:31 
AF  30 236.4 -65.4 236.4 -65.4 4.22E-02 000.5 330.3 -65.4 22.64325 31.84450 11.34727 hargrave 2019-05-30 17:37:52 
AF  40 231.8 -67.6 231.8 -67.6 3.94E-02 000.5 325.7 -67.6 21.98337 28.90578 10.24459 hargrave 2019-05-30 17:39:13 
AF  50 229.1 -68.4 229.1 -68.4 3.58E-02 000.5 323.0 -68.4 20.19695 26.02215 9.363480 hargrave 2019-05-30 17:40:34 
AF  60 227.2 -69.4 227.2 -69.4 3.18E-02 000.5 321.1 -69.4 18.27794 21.73761 7.148206 hargrave 2019-05-30 17:41:54 
AF  70 225.7 -69.8 225.7 -69.8 2.74E-02 000.5 319.6 -69.8 16.16336 18.83518 6.303996 hargrave 2019-05-30 17:43:16 
AF  80 224.6 -70.2 224.6 -70.2 2.34E-02 000.5 318.5 -70.2 13.50567 16.16677 5.769096 hargrave 2019-05-30 17:44:36 
AF  90 224.0 -70.5 224.0 -70.5 2.00E-02 000.5 317.9 -70.5 11.63892 13.76185 4.894694 hargrave 2019-05-30 17:46:00 
AF 100 223.2 -70.7 223.2 -70.7 1.70E-02 000.5 317.1 -70.7 9.796120 11.75901 4.275890 hargrave 2019-05-30 17:47:21 
AF 120 223.4 -71.1 223.4 -71.1 1.30E-02 000.5 317.3 -71.1 7.475503 9.050264 3.360179 hargrave 2019-05-30 17:48:41 
AF 140 222.7 -71.2 222.7 -71.2 9.81E-03 000.5 316.6 -71.2 5.764386 6.722221 2.551462 hargrave 2019-05-30 17:50:02 
AF 160 221.9 -71.4 221.9 -71.4 7.51E-03 000.5 315.8 -71.4 4.370431 5.051932 1.886709 hargrave 2019-05-30 17:52:12 
AF 180 222.5 -71.4 222.5 -71.4 5.99E-03 000.5 316.4 -71.4 3.512926 3.990872 1.622423 hargrave 2019-05-30 17:53:32 
AF 200 221.2 -71.3 221.2 -71.3 4.78E-03 000.5 315.1 -71.3 2.927472 3.159124 1.333936 hargrave 2019-05-30 17:54:52 
AF 220 222.2 -72.2 222.2 -72.2 3.92E-03 000.5 316.1 -72.2 2.499081 2.600667 1.076202 hargrave 2019-05-30 17:56:17 
AF 240 224.8 -71.9 224.8 -71.9 3.15E-03 000.5 318.7 -71.9 1.875605 1.994920 0.899801 hargrave 2019-05-30 17:58:26 
AF 260 223.5 -73.2 223.5 -73.2 2.65E-03 000.5 317.4 -73.2 1.656212 1.699166 0.721921 hargrave 2019-05-30 17:59:46 
AF 280 223.4 -73.7 223.4 -73.7 2.25E-03 000.5 317.3 -73.7 1.383384 1.361521 0.595810 hargrave 2019-05-30 18:01:07 
AF 300 217.6 -71.4 217.6 -71.4 1.90E-03 000.5 311.5 -71.4 1.130446 1.135778 0.531427 hargrave 2019-05-30 18:02:27 
AF 320 228.2 -73.1 228.2 -73.1 1.68E-03 000.5 322.1 -73.1 0.967803 0.902573 0.452858 hargrave 2019-05-30 18:03:47 
AF 340 223.2 -74.1 223.2 -74.1 1.49E-03 000.5 317.1 -74.1 0.808272 0.967591 0.396927 hargrave 2019-05-30 18:05:11 
AF 360 237.7 -74.4 237.7 -74.4 1.29E-03 000.5 331.6 -74.4 0.749254 0.649357 0.370870 hargrave 2019-05-30 18:06:31 
AF 380 225.8 -74.8 225.8 -74.8 1.15E-03 000.5 319.7 -74.8 0.727617 0.595274 0.304415 hargrave 2019-05-30 18:07:52 
AF 400 233.3 -76.2 233.3 -76.2 1.05E-03 000.5 327.2 -76.2 0.595227 0.643056 0.266034 hargrave 2019-05-30 18:09:16 
AF 420 214.5 -73.5 214.5 -73.5 9.27E-04 000.5 308.4 -73.5 0.564080 0.458448 0.249955 hargrave 2019-05-30 18:10:36 
AF 440 213.8 -80.0 213.8 -80.0 9.28E-04 000.5 307.7 -80.0 0.529477 0.523903 0.243378 hargrave 2019-05-30 18:12:01 
AF 460 201.6 -76.2 201.6 -76.2 8.56E-04 000.5 295.5 -76.2 0.491601 0.473417 0.254414 hargrave 2019-05-30 18:13:21 
AF 480 212.3 -82.8 212.3 -82.8 8.90E-04 000.5 306.2 -82.8 0.544770 0.520331 0.197110 hargrave 2019-05-30 18:14:42 
AF 500 240.8 -78.4 240.8 -78.4 8.52E-04 000.4 334.7 -78.4 0.472309 0.407397 0.221243 hargrave 2019-05-30 18:16:03 
AF 520 196.8 -82.0 196.8 -82.0 7.84E-04 000.5 290.7 -82.0 0.514705 0.463367 0.128863 hargrave 2019-05-30 18:17:23 
AF 540 220.3 -76.2 220.3 -76.2 7.87E-04 000.5 314.2 -76.2 0.532444 0.495660 0.245987 hargrave 2019-05-30 18:18:47 
AF 560 220.7 -84.9 220.7 -84.9 7.27E-04 000.5 314.6 -84.9 0.480126 0.463547 0.154262 hargrave 2019-05-30 18:20:07 
AF 580 258.3 -86.2 258.3 -86.2 7.55E-04 000.5 352.2 -86.2 0.504793 0.494269 0.152359 hargrave 2019-05-30 18:21:28 
AF 600 017.2 -88.7 017.2 -88.7 7.61E-04 000.5 111.1 -88.7 0.473344 0.428824 0.186916 hargrave 2019-05-30 18:22:50 
AF 620 266.2 -84.1 266.2 -84.1 8.38E-04 000.5 000.1 -84.1 0.516353 0.566810 0.216439 hargrave 2019-05-30 18:24:11 
AF 640 107.4 -89.0 107.4 -89.0 8.55E-04 000.5 201.3 -89.0 0.579435 0.512925 0.182865 hargrave 2019-05-30 18:25:35 
AF 660 262.2 -84.8 262.2 -84.8 8.54E-04 000.4 356.1 -84.8 0.469960 0.455563 0.187382 hargrave 2019-05-30 18:26:56 
AF 680 299.0 -88.2 299.0 -88.2 9.49E-04 000.5 032.9 -88.2 0.611953 0.604049 0.182661 hargrave 2019-05-30 18:28:16 
AF 700 270.4 -86.9 270.4 -86.9 1.08E-03 000.5 004.3 -86.9 0.628706 0.662742 0.256627 hargrave 2019-05-30 18:29:37 
AF 720 292.5 -88.6 292.5 -88.6 1.20E-03 000.5 026.4 -88.6 0.765522 0.744616 0.226890 hargrave 2019-05-30 18:30:58 
AF 740 199.3 -87.8 199.3 -87.8 1.31E-03 000.5 293.2 -87.8 0.880898 0.767376 0.274493 hargrave 2019-05-30 18:32:18 
AF 760 240.2 -85.3 240.2 -85.3 1.40E-03 000.5 334.1 -85.3 0.917087 0.913760 0.287702 hargrave 2019-05-30 18:33:39 
AF 780 229.2 -87.0 229.2 -87.0 1.49E-03 000.5 323.1 -87.0 1.000865 0.899221 0.298866 hargrave 2019-05-30 18:35:00 
AF 800 280.9 -88.5 280.9 -88.5 1.73E-03 000.5 014.8 -88.5 1.081757 1.161718 0.327332 hargrave 2019-05-30 18:36:21 
AF 850 264.3 -89.1 264.3 -89.1 2.18E-03 000.6 358.2 -89.1 1.535038 1.488534 0.398470 hargrave 2019-05-30 18:37:42 
AF 900 242.0 -87.5 242.0 -87.5 2.71E-03 000.5 335.9 -87.5 1.754739 1.705398 0.523302 hargrave 2019-05-30 18:39:03 
AF 950 289.8 -88.4 289.8 -88.4 3.20E-03 000.6 023.7 -88.4 2.223644 2.117539 0.571905 hargrave 2019-05-30 18:40:24 
AF1000 275.7 -87.6 275.7 -87.6 3.85E-03 000.5 009.6 -87.6 2.666235 2.474327 0.714130 hargrave 2019-05-30 18:41:48 
AF1050 288.7 -88.8 288.7 -88.8 4.52E-03 000.6 022.6 -88.8 3.165716 3.050150 0.774126 hargrave 2019-05-30 18:43:13 
AF1100 285.8 -89.0 285.8 -89.0 5.05E-03 000.6 019.7 -89.0 3.604516 3.393458 0.897126 hargrave 2019-05-30 18:44:37 
AF1150 309.0 -88.8 309.0 -88.8 5.43E-03 000.6 042.9 -88.8 3.826344 3.627681 0.918002 hargrave 2019-05-30 18:45:59 
AF1200 277.5 -88.8 277.5 -88.8 5.90E-03 000.6 011.4 -88.8 4.125701 3.939188 0.977154 hargrave 2019-05-30 18:47:22 
AF1250 269.3 -88.4 269.3 -88.4 6.67E-03 000.6 003.2 -88.4 4.847344 4.519596 1.116865 hargrave 2019-05-30 18:48:44 
AF1300 315.7 -87.9 315.7 -87.9 8.10E-03 000.6 049.6 -87.9 5.832702 5.477508 1.274077 hargrave 2019-05-30 18:50:08 
NRM    326.5 -87.8 326.5 -87.8 8.06E-03 000.6 060.4 -87.8 6.327979 5.943537 2.012062 hargrave 2019-05-31 02:44:27 
AF  10 333.2 -87.9 333.2 -87.9 7.96E-03 000.6 067.1 -87.9 6.219417 5.974777 1.249775 hargrave 2019-05-31 02:45:47 
AF  20 330.8 -87.9 330.8 -87.9 7.79E-03 000.6 064.7 -87.9 6.061442 5.871485 1.253595 hargrave 2019-05-31 02:47:13 
AF  30 331.3 -87.9 331.3 -87.9 7.57E-03 000.6 065.2 -87.9 5.893274 5.748080 1.215162 hargrave 2019-05-31 02:48:33 
AF  40 328.7 -87.7 328.7 -87.7 7.18E-03 000.6 062.6 -87.7 5.508665 5.480869 1.180228 hargrave 2019-05-31 02:49:58 
AF  50 329.4 -87.7 329.4 -87.7 6.72E-03 000.6 063.3 -87.7 5.233127 5.073302 1.097563 hargrave 2019-05-31 02:51:18 
AF  60 323.4 -87.9 323.4 -87.9 6.28E-03 000.6 057.3 -87.9 4.892422 4.729675 0.995429 hargrave 2019-05-31 02:52:38 
AF  70 317.7 -87.7 317.7 -87.7 5.84E-03 000.6 051.6 -87.7 4.542651 4.350816 0.934356 hargrave 2019-05-31 02:53:58 
AF  80 327.0 -88.1 327.0 -88.1 5.38E-03 000.6 060.9 -88.1 4.157501 4.033973 0.829657 hargrave 2019-05-31 02:55:22 
AF  90 311.9 -87.6 311.9 -87.6 4.94E-03 000.6 045.8 -87.6 3.797183 3.623549 0.784150 hargrave 2019-05-31 02:56:46 
AF 100 299.4 -87.7 299.4 -87.7 4.50E-03 000.6 033.3 -87.7 3.435501 3.243058 0.742477 hargrave 2019-05-31 02:58:07 
AF 120 314.4 -86.8 314.4 -86.8 3.94E-03 000.6 048.3 -86.8 2.996351 2.813887 0.610390 hargrave 2019-05-31 02:59:28 
AF 140 333.1 -85.9 333.1 -85.9 3.30E-03 000.6 067.0 -85.9 2.561163 2.353380 0.520208 hargrave 2019-05-31 03:00:49 
AF 160 313.7 -85.8 313.7 -85.8 2.90E-03 000.6 047.6 -85.8 2.175805 1.979406 0.505619 hargrave 2019-05-31 03:02:10 
AF 180 321.3 -85.9 321.3 -85.9 2.46E-03 000.6 055.2 -85.9 1.798831 1.613899 0.407883 hargrave 2019-05-31 03:03:31 
AF 200 319.5 -86.0 319.5 -86.0 2.12E-03 000.6 053.4 -86.0 1.489163 1.419663 0.377017 hargrave 2019-05-31 03:04:55 
AF 220 318.2 -85.9 318.2 -85.9 1.87E-03 000.6 052.1 -85.9 1.309814 1.227957 0.336804 hargrave 2019-05-31 03:06:16 
AF 240 009.2 -85.9 009.2 -85.9 1.61E-03 000.6 103.1 -85.9 1.153304 1.160799 0.258107 hargrave 2019-05-31 03:07:38 
AF 260 337.9 -84.0 337.9 -84.0 1.44E-03 000.5 071.8 -84.0 0.972958 0.939271 0.234569 hargrave 2019-05-31 03:09:04 
AF 280 301.5 -82.9 301.5 -82.9 1.21E-03 000.6 035.4 -82.9 0.914487 0.794108 0.259958 hargrave 2019-05-31 03:10:27 
AF 300 001.8 -84.5 001.8 -84.5 1.03E-03 000.6 095.7 -84.5 0.736082 0.771959 0.211701 hargrave 2019-05-31 03:11:54 
AF 320 340.1 -84.1 340.1 -84.1 9.14E-04 000.6 074.0 -84.1 0.696570 0.647901 0.194294 hargrave 2019-05-31 03:13:16 
AF 340 326.1 -85.9 326.1 -85.9 9.21E-04 000.6 060.0 -85.9 0.653409 0.591794 0.166498 hargrave 2019-05-31 03:14:42 
AF 360 280.7 -86.8 280.7 -86.8 7.90E-04 000.6 014.6 -86.8 0.550503 0.532064 0.114350 hargrave 2019-05-31 03:16:07 
AF 380 037.0 -82.6 037.0 -82.6 7.10E-04 000.5 130.9 -82.6 0.403495 0.485628 0.132432 hargrave 2019-05-31 03:17:32 
AF 400 345.8 -86.1 345.8 -86.1 6.51E-04 000.6 079.7 -86.1 0.486602 0.476500 0.145576 hargrave 2019-05-31 03:19:00 
AF 420 316.1 -88.1 316.1 -88.1 5.87E-04 000.5 050.0 -88.1 0.402292 0.363040 0.144688 hargrave 2019-05-31 03:20:24 
AF 440 186.7 -80.4 186.7 -80.4 5.57E-04 000.4 280.6 -80.4 0.328302 0.272362 0.122642 hargrave 2019-05-31 03:21:45 
AF 460 229.5 -83.1 229.5 -83.1 5.31E-04 000.6 323.4 -83.1 0.393448 0.355549 0.116383 hargrave 2019-05-31 03:23:06 
AF 480 343.6 -80.7 343.6 -80.7 4.85E-04 000.7 077.5 -80.7 0.390227 0.392297 0.132996 hargrave 2019-05-31 03:24:31 
AF 500 343.8 -83.0 343.8 -83.0 5.35E-04 000.5 077.7 -83.0 0.348953 0.342289 0.114362 hargrave 2019-05-31 03:25:55 
AF 520 351.2 -83.0 351.2 -83.0 5.61E-04 000.5 085.1 -83.0 0.326174 0.374730 0.103875 hargrave 2019-05-31 03:27:16 
AF 540 335.9 -86.4 335.9 -86.4 5.33E-04 000.5 069.8 -86.4 0.354951 0.355040 0.118842 hargrave 2019-05-31 03:28:36 
AF 560 303.0 -79.7 303.0 -79.7 5.66E-04 000.6 036.9 -79.7 0.377258 0.407417 0.150224 hargrave 2019-05-31 03:30:08 
AF 580 244.5 -81.9 244.5 -81.9 6.12E-04 000.6 338.4 -81.9 0.464311 0.470220 0.156324 hargrave 2019-05-31 03:31:32 
AF 600 321.3 -87.5 321.3 -87.5 6.34E-04 000.6 055.2 -87.5 0.455935 0.450190 0.139845 hargrave 2019-05-31 03:32:53 
AF 620 208.0 -82.0 208.0 -82.0 6.94E-04 000.6 301.9 -82.0 0.544782 0.459964 0.134900 hargrave 2019-05-31 03:34:21 
AF 640 224.6 -88.1 224.6 -88.1 7.33E-04 000.6 318.5 -88.1 0.558800 0.459258 0.142857 hargrave 2019-05-31 03:35:41 
AF 660 279.8 -86.3 279.8 -86.3 8.47E-04 000.5 013.7 -86.3 0.564337 0.514044 0.180693 hargrave 2019-05-31 03:37:02 
AF 680 037.2 -89.0 037.2 -89.0 8.08E-04 000.5 131.1 -89.0 0.559455 0.486896 0.120326 hargrave 2019-05-31 03:38:30 
AF 700 295.9 -87.5 295.9 -87.5 9.92E-04 000.5 029.8 -87.5 0.689402 0.632130 0.172257 hargrave 2019-05-31 03:39:52 
AF 720 232.9 -86.3 232.9 -86.3 1.02E-03 000.5 326.8 -86.3 0.702493 0.662101 0.260341 hargrave 2019-05-31 03:41:16 
AF 740 218.9 -85.1 218.9 -85.1 1.19E-03 000.5 312.8 -85.1 0.854197 0.712468 0.214118 hargrave 2019-05-31 03:42:37 
AF 760 007.4 -85.9 007.4 -85.9 1.30E-03 000.6 101.3 -85.9 0.990266 0.927249 0.172628 hargrave 2019-05-31 03:43:58 
AF 780 332.0 -89.8 332.0 -89.8 1.49E-03 000.6 065.9 -89.8 1.074351 0.993212 0.225446 hargrave 2019-05-31 03:45:19 
AF 800 339.8 -86.2 339.8 -86.2 1.58E-03 000.6 073.7 -86.2 1.146981 1.069000 0.229150 hargrave 2019-05-31 03:46:40 
AF 850 192.4 -88.5 192.4 -88.5 2.12E-03 000.6 286.3 -88.5 1.536344 1.431320 0.335793 hargrave 2019-05-31 03:48:01 
AF 900 088.5 -88.6 088.5 -88.6 2.61E-03 000.6 182.4 -88.6 1.967715 1.936058 0.412335 hargrave 2019-05-31 03:49:22 
AF 950 280.1 -87.8 280.1 -87.8 3.19E-03 000.6 014.0 -87.8 2.457440 2.287947 0.534489 hargrave 2019-05-31 03:50:46 
AF1000 197.5 -89.2 197.5 -89.2 3.84E-03 000.6 291.4 -89.2 2.942531 2.778710 0.626198 hargrave 2019-05-31 03:52:08 
AF1050 289.4 -88.5 289.4 -88.5 4.55E-03 000.6 023.3 -88.5 3.531860 3.390701 0.696865 hargrave 2019-05-31 03:53:30 
AF1100 286.7 -88.8 286.7 -88.8 5.13E-03 000.6 020.6 -88.8 3.934300 3.750035 0.828883 hargrave 2019-05-31 03:54:52 
AF1150 285.0 -88.8 285.0 -88.8 5.56E-03 000.6 018.9 -88.8 4.285672 4.037211 0.857905 hargrave 2019-05-31 03:56:14 
AF1200 288.8 -88.8 288.8 -88.8 5.95E-03 000.6 022.7 -88.8 4.545174 4.380503 0.966239 hargrave 2019-05-31 03:57:40 
AF1250 293.6 -88.6 293.6 -88.6 6.65E-03 000.6 027.5 -88.6 5.083460 4.877565 1.104243 hargrave 2019-05-31 03:59:03 
AF1300 291.5 -88.7 291.5 -88.7 8.10E-03 000.6 025.4 -88.7 6.385960 6.059334 1.287252 hargrave 2019-05-31 04:00:27 
