SL- 5a mag compass orientation (IGRF corrected)
  428.2  -3.9   0.0   0.0   0.0   0.0
NRM    221.3 -18.8 221.3 -18.8 1.65E-02 000.3 315.2 -18.8 9.433495 6.910825 3.475665 hargrave 2019-05-30 18:51:35 
AF  10 245.6 -64.6 245.6 -64.6 3.25E-02 000.4 339.5 -64.6 12.42174 20.80199 4.567652 hargrave 2019-05-30 18:52:55 
AF  20 244.5 -69.7 244.5 -69.7 4.16E-02 000.5 338.4 -69.7 21.14010 26.86975 6.665041 hargrave 2019-05-30 18:54:15 
AF  30 241.7 -72.1 241.7 -72.1 4.36E-02 000.5 335.6 -72.1 24.59931 28.11379 7.961945 hargrave 2019-05-30 18:55:35 
AF  40 238.4 -73.6 238.4 -73.6 4.21E-02 000.5 332.3 -73.6 27.18126 27.04788 8.669813 hargrave 2019-05-30 18:56:59 
AF  50 236.1 -74.0 236.1 -74.0 3.89E-02 000.5 330.0 -74.0 23.44552 24.97147 8.502975 hargrave 2019-05-30 18:58:19 
AF  60 234.3 -74.5 234.3 -74.5 3.51E-02 000.5 328.2 -74.5 21.32593 22.65717 8.203834 hargrave 2019-05-30 18:59:39 
AF  70 232.9 -74.9 232.9 -74.9 3.13E-02 000.5 326.8 -74.9 19.21558 20.33320 7.586589 hargrave 2019-05-30 19:00:59 
AF  80 230.7 -75.0 230.7 -75.0 2.76E-02 000.5 324.6 -75.0 16.88047 17.61362 7.069124 hargrave 2019-05-30 19:02:19 
AF  90 229.3 -75.3 229.3 -75.3 2.44E-02 000.5 323.2 -75.3 14.91786 15.65088 6.536197 hargrave 2019-05-30 19:03:39 
AF 100 228.2 -75.1 228.2 -75.1 2.15E-02 000.5 322.1 -75.1 13.01537 13.83989 6.013201 hargrave 2019-05-30 19:04:59 
AF 120 226.4 -75.7 226.4 -75.7 1.73E-02 000.5 320.3 -75.7 10.46371 11.05155 4.976657 hargrave 2019-05-30 19:06:19 
AF 140 224.9 -75.5 224.9 -75.5 1.37E-02 000.5 318.8 -75.5 8.281698 8.784256 4.092930 hargrave 2019-05-30 19:07:39 
AF 160 223.6 -75.8 223.6 -75.8 1.10E-02 000.5 317.5 -75.8 6.533447 6.999828 3.312858 hargrave 2019-05-30 19:09:00 
AF 180 225.0 -76.4 225.0 -76.4 9.00E-03 000.5 318.9 -76.4 5.422628 5.632617 2.689294 hargrave 2019-05-30 19:10:20 
AF 200 221.5 -75.6 221.5 -75.6 7.40E-03 000.5 315.4 -75.6 4.361550 4.595395 2.282900 hargrave 2019-05-30 19:12:31 
AF 220 225.3 -76.7 225.3 -76.7 6.17E-03 000.5 319.2 -76.7 3.908224 3.810402 1.885806 hargrave 2019-05-30 19:13:58 
AF 240 223.1 -77.0 223.1 -77.0 5.10E-03 000.5 317.0 -77.0 3.111253 3.158377 1.608695 hargrave 2019-05-30 19:15:18 
AF 260 220.4 -76.4 220.4 -76.4 4.26E-03 000.5 314.3 -76.4 2.618306 2.578974 1.288188 hargrave 2019-05-30 19:16:38 
AF 280 224.6 -78.1 224.6 -78.1 3.54E-03 000.5 318.5 -78.1 2.116412 2.056693 1.074877 hargrave 2019-05-30 19:18:02 
AF 300 222.1 -76.0 222.1 -76.0 3.12E-03 000.5 316.0 -76.0 1.789161 1.717405 0.933213 hargrave 2019-05-30 19:19:25 
AF 320 227.9 -78.1 227.9 -78.1 2.75E-03 000.5 321.8 -78.1 1.630335 1.582517 0.849464 hargrave 2019-05-30 19:20:46 
AF 340 224.0 -77.4 224.0 -77.4 2.37E-03 000.5 317.9 -77.4 1.382251 1.279016 0.756468 hargrave 2019-05-30 19:22:06 
AF 360 242.2 -76.9 242.2 -76.9 2.12E-03 000.5 336.1 -76.9 1.304904 1.112862 0.675645 hargrave 2019-05-30 19:23:26 
AF 380 233.6 -77.4 233.6 -77.4 1.89E-03 000.5 327.5 -77.4 1.140219 0.966578 0.519399 hargrave 2019-05-30 19:24:47 
AF 400 223.9 -78.0 223.9 -78.0 1.79E-03 000.5 317.8 -78.0 1.052973 0.947673 0.499416 hargrave 2019-05-30 19:26:08 
AF 420 234.2 -79.8 234.2 -79.8 1.60E-03 000.5 328.1 -79.8 1.018251 0.861679 0.458248 hargrave 2019-05-30 19:27:28 
AF 440 221.3 -80.8 221.3 -80.8 1.60E-03 000.5 315.2 -80.8 0.985503 0.836212 0.411874 hargrave 2019-05-30 19:28:48 
AF 460 212.2 -77.1 212.2 -77.1 1.49E-03 000.5 306.1 -77.1 0.969307 0.801537 0.415452 hargrave 2019-05-30 19:30:08 
AF 480 193.5 -80.3 193.5 -80.3 1.34E-03 000.5 287.4 -80.3 0.825100 0.730872 0.338303 hargrave 2019-05-30 19:31:28 
AF 500 204.6 -79.7 204.6 -79.7 1.42E-03 000.5 298.5 -79.7 0.835726 0.737973 0.333147 hargrave 2019-05-30 19:32:48 
AF 520 238.9 -76.3 238.9 -76.3 1.37E-03 000.5 332.8 -76.3 0.776557 0.742012 0.389953 hargrave 2019-05-30 19:34:15 
AF 540 230.6 -81.6 230.6 -81.6 1.38E-03 000.5 324.5 -81.6 0.849187 0.721683 0.351095 hargrave 2019-05-30 19:35:39 
AF 560 247.1 -83.3 247.1 -83.3 1.37E-03 000.4 341.0 -83.3 0.751355 0.690092 0.306978 hargrave 2019-05-30 19:36:59 
AF 580 240.8 -81.2 240.8 -81.2 1.42E-03 000.5 334.7 -81.2 0.890990 0.764030 0.279386 hargrave 2019-05-30 19:38:20 
AF 600 236.5 -81.4 236.5 -81.4 1.44E-03 000.5 330.4 -81.4 0.958642 0.814438 0.275050 hargrave 2019-05-30 19:39:47 
AF 620 201.5 -82.0 201.5 -82.0 1.41E-03 000.5 295.4 -82.0 0.946073 0.812685 0.261742 hargrave 2019-05-30 19:41:08 
AF 640 179.8 -82.9 179.8 -82.9 1.51E-03 000.5 273.7 -82.9 0.961367 0.859146 0.302339 hargrave 2019-05-30 19:42:28 
AF 660 223.7 -76.8 223.7 -76.8 1.53E-03 000.5 317.6 -76.8 0.960400 0.845258 0.413097 hargrave 2019-05-30 19:43:48 
AF 680 226.6 -86.0 226.6 -86.0 1.65E-03 000.5 320.5 -86.0 0.944894 0.889145 0.341477 hargrave 2019-05-30 19:45:11 
AF 700 290.7 -83.7 290.7 -83.7 1.67E-03 000.5 024.6 -83.7 0.940183 0.884276 0.339894 hargrave 2019-05-30 19:46:31 
AF 720 273.7 -85.4 273.7 -85.4 2.06E-03 000.5 007.6 -85.4 1.246233 1.152501 0.365198 hargrave 2019-05-30 19:47:55 
AF 740 291.7 -85.9 291.7 -85.9 2.20E-03 000.5 025.6 -85.9 1.406699 1.387924 0.387429 hargrave 2019-05-30 19:49:15 
AF 760 296.2 -87.4 296.2 -87.4 2.24E-03 000.5 030.1 -87.4 1.389928 1.311826 0.378602 hargrave 2019-05-30 19:50:35 
AF 780 266.7 -86.6 266.7 -86.6 2.46E-03 000.5 000.6 -86.6 1.635112 1.491465 0.494498 hargrave 2019-05-30 19:51:55 
AF 800 258.6 -87.6 258.6 -87.6 2.58E-03 000.5 352.5 -87.6 1.592791 1.587624 0.497368 hargrave 2019-05-30 19:53:18 
AF 850 271.3 -87.0 271.3 -87.0 3.24E-03 000.5 005.2 -87.0 2.167557 2.053202 0.623121 hargrave 2019-05-30 19:54:39 
AF 900 198.8 -88.2 198.8 -88.2 3.89E-03 000.5 292.7 -88.2 2.667822 2.486124 0.733802 hargrave 2019-05-30 19:56:00 
AF 950 229.5 -88.5 229.5 -88.5 4.69E-03 000.5 323.4 -88.5 3.243283 3.040782 0.789968 hargrave 2019-05-30 19:57:20 
AF1000 299.6 -88.5 299.6 -88.5 5.38E-03 000.5 033.5 -88.5 3.691042 3.540359 0.959425 hargrave 2019-05-30 19:58:40 
AF1050 274.8 -88.1 274.8 -88.1 6.24E-03 000.6 008.7 -88.1 4.390710 4.144506 1.077834 hargrave 2019-05-30 20:00:01 
AF1100 318.4 -88.7 318.4 -88.7 6.95E-03 000.5 052.3 -88.7 4.788811 4.612373 1.168737 hargrave 2019-05-30 20:01:25 
AF1150 257.4 -89.0 257.4 -89.0 7.37E-03 000.6 351.3 -89.0 5.185023 4.951202 1.287007 hargrave 2019-05-30 20:02:51 
AF1200 304.7 -88.6 304.7 -88.6 7.80E-03 000.5 038.6 -88.6 5.132600 5.319750 1.361453 hargrave 2019-05-30 20:05:05 
AF1250 277.7 -88.1 277.7 -88.1 8.78E-03 000.6 011.6 -88.1 6.213559 5.913793 1.565557 hargrave 2019-05-30 20:06:28 
AF1300 306.8 -88.1 306.8 -88.1 1.06E-02 000.6 040.7 -88.1 7.628914 7.211341 1.794882 hargrave 2019-05-30 20:07:50 
NRM    299.8 -87.7 299.8 -87.7 1.06E-02 000.6 033.7 -87.7 8.282105 7.694149 2.458469 hargrave 2019-05-31 04:01:58 
AF  10 298.9 -87.7 298.9 -87.7 1.04E-02 000.6 032.8 -87.7 8.194810 7.727016 2.427024 hargrave 2019-05-31 04:03:19 
AF  20 296.4 -87.7 296.4 -87.7 1.01E-02 000.6 030.3 -87.7 7.907276 7.442999 2.404219 hargrave 2019-05-31 04:04:40 
AF  30 294.2 -87.7 294.2 -87.7 9.73E-03 000.6 028.1 -87.7 7.591564 7.198929 2.345066 hargrave 2019-05-31 04:06:01 
AF  40 296.3 -87.6 296.3 -87.6 9.05E-03 000.6 030.2 -87.6 7.033517 6.612666 2.198552 hargrave 2019-05-31 04:07:22 
AF  50 296.3 -87.7 296.3 -87.7 8.46E-03 000.6 030.2 -87.7 6.497105 6.199202 2.143691 hargrave 2019-05-31 04:08:46 
AF  60 288.7 -87.5 288.7 -87.5 7.90E-03 000.6 022.6 -87.5 6.153246 5.760385 2.005979 hargrave 2019-05-31 04:10:06 
AF  70 296.6 -87.0 296.6 -87.0 7.24E-03 000.6 030.5 -87.0 5.509407 5.202715 1.853579 hargrave 2019-05-31 04:11:31 
AF  80 304.7 -87.4 304.7 -87.4 6.62E-03 000.6 038.6 -87.4 5.116985 4.896931 1.673585 hargrave 2019-05-31 04:12:55 
AF  90 289.1 -87.2 289.1 -87.2 6.06E-03 000.6 023.0 -87.2 4.645504 4.376162 1.560983 hargrave 2019-05-31 04:14:16 
AF 100 289.5 -86.9 289.5 -86.9 5.49E-03 000.6 023.4 -86.9 4.187755 3.910636 1.403192 hargrave 2019-05-31 04:15:36 
AF 120 292.4 -86.5 292.4 -86.5 4.78E-03 000.6 026.3 -86.5 3.549279 3.330333 1.326360 hargrave 2019-05-31 04:17:01 
AF 140 280.8 -87.5 280.8 -87.5 4.11E-03 000.6 014.7 -87.5 3.058990 2.929339 1.129703 hargrave 2019-05-31 04:18:33 
AF 160 276.1 -86.8 276.1 -86.8 3.56E-03 000.6 010.0 -86.8 2.696826 2.462072 1.011163 hargrave 2019-05-31 04:19:57 
AF 180 265.8 -85.8 265.8 -85.8 2.98E-03 000.6 359.7 -85.8 2.317224 2.086400 0.867118 hargrave 2019-05-31 04:21:18 
AF 200 279.3 -84.7 279.3 -84.7 2.58E-03 000.6 013.2 -84.7 1.955218 1.804484 0.726271 hargrave 2019-05-31 04:22:42 
AF 220 257.5 -87.1 257.5 -87.1 2.20E-03 000.6 351.4 -87.1 1.560406 1.515391 0.616231 hargrave 2019-05-31 04:25:00 
AF 240 280.2 -86.4 280.2 -86.4 1.98E-03 000.6 014.1 -86.4 1.438236 1.352300 0.541051 hargrave 2019-05-31 04:26:21 
AF 260 281.9 -84.6 281.9 -84.6 1.71E-03 000.5 015.8 -84.6 1.194688 1.075676 0.482325 hargrave 2019-05-31 04:27:45 
AF 280 255.1 -81.8 255.1 -81.8 1.52E-03 000.6 349.0 -81.8 1.085350 1.010213 0.488156 hargrave 2019-05-31 04:29:10 
AF 300 278.8 -85.1 278.8 -85.1 1.24E-03 000.6 012.7 -85.1 0.852017 0.830499 0.412038 hargrave 2019-05-31 04:30:32 
AF 320 231.8 -78.7 231.8 -78.7 1.17E-03 000.6 325.7 -78.7 0.971729 0.741319 0.377551 hargrave 2019-05-31 04:32:00 
AF 340 239.3 -81.0 239.3 -81.0 9.31E-04 000.6 333.2 -81.0 0.772981 0.637908 0.301401 hargrave 2019-05-31 04:33:24 
AF 360 307.9 -86.2 307.9 -86.2 9.55E-04 000.5 041.8 -86.2 0.566613 0.584108 0.301174 hargrave 2019-05-31 04:34:45 
AF 380 209.1 -82.3 209.1 -82.3 8.53E-04 000.7 303.0 -82.3 0.761057 0.683939 0.261429 hargrave 2019-05-31 04:36:09 
AF 400 215.7 -84.0 215.7 -84.0 8.82E-04 000.5 309.6 -84.0 0.592736 0.512970 0.407373 hargrave 2019-05-31 04:37:37 
AF 420 259.5 -82.5 259.5 -82.5 7.23E-04 000.7 353.4 -82.5 0.642093 0.595533 0.273814 hargrave 2019-05-31 04:38:58 
AF 440 201.5 -85.8 201.5 -85.8 7.17E-04 000.6 295.4 -85.8 0.570140 0.509822 0.225539 hargrave 2019-05-31 04:40:19 
AF 460 210.1 -80.8 210.1 -80.8 8.13E-04 000.6 304.0 -80.8 0.666759 0.570886 0.251327 hargrave 2019-05-31 04:41:40 
AF 480 238.5 -84.8 238.5 -84.8 7.96E-04 000.7 332.4 -84.8 0.728145 0.702629 0.270933 hargrave 2019-05-31 04:43:02 
AF 500 231.6 -85.6 231.6 -85.6 8.79E-04 000.5 325.5 -85.6 0.634178 0.546853 0.278042 hargrave 2019-05-31 04:44:23 
AF 520 215.4 -83.1 215.4 -83.1 7.63E-04 000.5 309.3 -83.1 0.570823 0.380062 0.235789 hargrave 2019-05-31 04:45:44 
AF 540 218.0 -78.4 218.0 -78.4 8.12E-04 000.6 311.9 -78.4 0.686318 0.457539 0.226468 hargrave 2019-05-31 04:47:04 
AF 560 279.6 -82.6 279.6 -82.6 9.25E-04 000.4 013.5 -82.6 0.492139 0.505724 0.278251 hargrave 2019-05-31 04:48:25 
AF 580 189.4 -82.0 189.4 -82.0 8.22E-04 000.5 283.3 -82.0 0.607966 0.528036 0.299662 hargrave 2019-05-31 04:49:46 
AF 600 193.8 -85.7 193.8 -85.7 1.01E-03 000.6 287.7 -85.7 0.768352 0.662074 0.252928 hargrave 2019-05-31 04:51:07 
AF 620 285.9 -83.3 285.9 -83.3 9.99E-04 000.6 019.8 -83.3 0.705873 0.647583 0.255368 hargrave 2019-05-31 04:52:28 
AF 640 207.6 -84.5 207.6 -84.5 1.17E-03 000.5 301.5 -84.5 0.794149 0.761299 0.342084 hargrave 2019-05-31 04:53:49 
AF 660 313.9 -83.6 313.9 -83.6 1.21E-03 000.6 047.8 -83.6 0.895750 0.871405 0.314717 hargrave 2019-05-31 04:55:10 
AF 680 269.2 -86.1 269.2 -86.1 1.27E-03 000.5 003.1 -86.1 0.817959 0.788764 0.393479 hargrave 2019-05-31 04:56:31 
AF 700 206.0 -86.2 206.0 -86.2 1.56E-03 000.5 299.9 -86.2 1.008528 0.921136 0.433143 hargrave 2019-05-31 04:57:58 
AF 720 270.3 -83.2 270.3 -83.2 1.64E-03 000.5 004.2 -83.2 1.192330 0.957769 0.462301 hargrave 2019-05-31 04:59:19 
AF 740 146.5 -89.3 146.5 -89.3 1.84E-03 000.6 240.4 -89.3 1.331106 1.255521 0.456394 hargrave 2019-05-31 05:00:44 
AF 760 331.1 -84.9 331.1 -84.9 1.89E-03 000.6 065.0 -84.9 1.312674 1.356771 0.505665 hargrave 2019-05-31 05:02:05 
AF 780 268.7 -86.0 268.7 -86.0 2.09E-03 000.6 002.6 -86.0 1.517607 1.370088 0.632772 hargrave 2019-05-31 05:03:26 
AF 800 313.1 -85.7 313.1 -85.7 2.40E-03 000.6 047.0 -85.7 1.815730 1.738852 0.497081 hargrave 2019-05-31 05:04:47 
AF 850 264.6 -87.6 264.6 -87.6 2.97E-03 000.6 358.5 -87.6 2.183720 2.079456 0.756701 hargrave 2019-05-31 05:06:08 
AF 900 261.2 -87.8 261.2 -87.8 3.66E-03 000.6 355.1 -87.8 2.806965 2.703705 0.950261 hargrave 2019-05-31 05:07:29 
AF 950 266.9 -88.7 266.9 -88.7 4.45E-03 000.6 000.8 -88.7 3.370737 3.300888 1.094860 hargrave 2019-05-31 05:08:50 
AF1000 289.8 -87.7 289.8 -87.7 5.23E-03 000.6 023.7 -87.7 3.975476 3.803071 1.305459 hargrave 2019-05-31 05:10:12 
AF1050 298.6 -87.9 298.6 -87.9 6.26E-03 000.6 032.5 -87.9 4.944470 4.695665 1.572682 hargrave 2019-05-31 05:11:34 
AF1100 283.6 -87.6 283.6 -87.6 6.71E-03 000.6 017.5 -87.6 5.141101 4.840748 1.661513 hargrave 2019-05-31 05:12:55 
AF1150 274.1 -88.7 274.1 -88.7 7.33E-03 000.6 008.0 -88.7 5.693596 5.569692 1.810131 hargrave 2019-05-31 05:14:17 
AF1200 272.9 -89.0 272.9 -89.0 7.79E-03 000.6 006.8 -89.0 6.112178 5.988138 1.750328 hargrave 2019-05-31 05:15:39 
AF1250 312.2 -88.9 312.2 -88.9 8.68E-03 000.6 046.1 -88.9 6.837723 6.681584 1.988660 hargrave 2019-05-31 05:17:06 
AF1300 267.8 -88.6 267.8 -88.6 1.06E-02 000.6 001.7 -88.6 8.507335 8.141681 2.503577 hargrave 2019-05-31 05:18:29 
