SL- 6a mag compass orientation (IGRF corrected)
  441.2  -3.9   0.0   0.0   0.0   0.0
NRM    018.8 -26.1 018.8 -26.1 3.20E-02 000.5 112.7 -26.1 16.73535 13.15173 16.46714 hargrave 2019-05-30 20:09:17 
AF  10 013.8 -36.8 013.8 -36.8 3.02E-02 000.6 107.7 -36.8 25.69281 15.60808 14.11225 hargrave 2019-05-30 20:10:37 
AF  20 012.5 -46.5 012.5 -46.5 2.91E-02 000.7 106.4 -46.5 25.89916 17.19042 12.25672 hargrave 2019-05-30 20:11:57 
AF  30 013.4 -52.4 013.4 -52.4 2.91E-02 000.6 107.3 -52.4 22.38539 17.95041 10.56933 hargrave 2019-05-30 20:13:20 
AF  40 014.5 -56.6 014.5 -56.6 2.89E-02 000.7 108.4 -56.6 28.26470 19.91630 9.680579 hargrave 2019-05-30 20:14:40 
AF  50 015.2 -58.7 015.2 -58.7 2.81E-02 000.7 109.1 -58.7 26.38453 19.46862 8.670221 hargrave 2019-05-30 20:16:00 
AF  60 015.7 -60.6 015.7 -60.6 2.68E-02 000.7 109.6 -60.6 25.56079 18.68260 7.875769 hargrave 2019-05-30 20:17:20 
AF  70 015.7 -61.7 015.7 -61.7 2.51E-02 000.7 109.6 -61.7 23.44330 17.51541 7.311047 hargrave 2019-05-30 20:18:39 
AF  80 015.9 -62.8 015.9 -62.8 2.31E-02 000.6 109.8 -62.8 18.43115 14.49260 6.709444 hargrave 2019-05-30 20:20:06 
AF  90 016.4 -63.6 016.4 -63.6 2.10E-02 000.6 110.3 -63.6 17.39567 14.61606 6.027564 hargrave 2019-05-30 20:21:29 
AF 100 017.0 -64.1 017.0 -64.1 1.90E-02 000.7 110.9 -64.1 18.70515 14.76918 5.361247 hargrave 2019-05-30 20:22:49 
AF 120 017.4 -65.3 017.4 -65.3 1.56E-02 000.7 111.3 -65.3 15.24700 11.52923 4.443526 hargrave 2019-05-30 20:24:09 
AF 140 017.7 -65.7 017.7 -65.7 1.23E-02 000.7 111.6 -65.7 12.05717 9.201056 3.513791 hargrave 2019-05-30 20:25:29 
AF 160 017.7 -66.0 017.7 -66.0 9.90E-03 000.6 111.6 -66.0 8.114294 7.150067 2.857164 hargrave 2019-05-30 20:26:53 
AF 180 019.4 -66.1 019.4 -66.1 8.04E-03 000.7 113.3 -66.1 7.523871 6.084642 2.273969 hargrave 2019-05-30 20:29:03 
AF 200 018.8 -66.6 018.8 -66.6 6.56E-03 000.6 112.7 -66.6 5.176035 4.652572 1.894089 hargrave 2019-05-30 20:30:26 
AF 220 017.7 -67.4 017.7 -67.4 5.27E-03 000.7 111.6 -67.4 4.901867 3.852456 1.440245 hargrave 2019-05-30 20:31:46 
AF 240 020.1 -67.2 020.1 -67.2 4.34E-03 000.7 114.0 -67.2 4.057533 3.204736 1.177460 hargrave 2019-05-30 20:33:06 
AF 260 017.7 -66.7 017.7 -66.7 3.60E-03 000.6 111.6 -66.7 2.811498 2.494146 0.972758 hargrave 2019-05-30 20:34:29 
AF 280 016.7 -66.5 016.7 -66.5 2.96E-03 000.7 110.6 -66.5 2.683333 2.162822 0.830255 hargrave 2019-05-30 20:35:49 
AF 300 015.7 -68.5 015.7 -68.5 2.56E-03 000.7 109.6 -68.5 2.229904 1.837788 0.674683 hargrave 2019-05-30 20:37:09 
AF 320 020.9 -69.5 020.9 -69.5 2.19E-03 000.6 114.8 -69.5 1.737022 1.528302 0.544953 hargrave 2019-05-30 20:38:29 
AF 340 012.7 -73.1 012.7 -73.1 1.92E-03 000.6 106.6 -73.1 1.547071 1.385190 0.487055 hargrave 2019-05-30 20:39:50 
AF 360 018.9 -70.5 018.9 -70.5 1.70E-03 000.6 112.8 -70.5 1.291311 1.149655 0.383817 hargrave 2019-05-30 20:41:10 
AF 380 032.6 -71.4 032.6 -71.4 1.50E-03 000.6 126.5 -71.4 1.052130 1.140108 0.268094 hargrave 2019-05-30 20:42:30 
AF 400 028.5 -77.9 028.5 -77.9 1.32E-03 000.6 122.4 -77.9 0.997715 0.990163 0.264609 hargrave 2019-05-30 20:43:50 
AF 420 025.7 -72.6 025.7 -72.6 1.17E-03 000.6 119.6 -72.6 0.741531 0.892428 0.216127 hargrave 2019-05-30 20:45:17 
AF 440 033.6 -75.9 033.6 -75.9 1.01E-03 000.6 127.5 -75.9 0.681860 0.714442 0.186171 hargrave 2019-05-30 20:46:37 
AF 460 040.7 -73.5 040.7 -73.5 9.57E-04 000.5 134.6 -73.5 0.524203 0.671500 0.128696 hargrave 2019-05-30 20:47:57 
AF 480 031.9 -72.2 031.9 -72.2 8.14E-04 000.4 125.8 -72.2 0.388551 0.477168 0.176041 hargrave 2019-05-30 20:50:10 
AF 500 021.2 -79.5 021.2 -79.5 8.57E-04 000.5 115.1 -79.5 0.529969 0.563521 0.210694 hargrave 2019-05-30 20:51:33 
AF 520 004.1 -77.6 004.1 -77.6 8.63E-04 000.5 098.0 -77.6 0.440537 0.502164 0.224105 hargrave 2019-05-30 20:52:53 
AF 540 069.4 -82.2 069.4 -82.2 8.26E-04 000.5 163.3 -82.2 0.534888 0.428069 0.195884 hargrave 2019-05-30 20:54:16 
AF 560 343.5 -87.7 343.5 -87.7 9.55E-04 000.5 077.4 -87.7 0.546611 0.508100 0.215246 hargrave 2019-05-30 20:55:36 
AF 580 080.9 -76.4 080.9 -76.4 9.46E-04 000.5 174.8 -76.4 0.542931 0.654114 0.206231 hargrave 2019-05-30 20:56:59 
AF 600 304.6 -87.1 304.6 -87.1 8.18E-04 000.5 038.5 -87.1 0.538790 0.487472 0.267556 hargrave 2019-05-30 20:58:19 
AF 620 029.4 -81.9 029.4 -81.9 8.95E-04 000.4 123.3 -81.9 0.457357 0.525334 0.200571 hargrave 2019-05-30 20:59:39 
AF 640 331.9 -85.8 331.9 -85.8 9.07E-04 000.5 065.8 -85.8 0.538224 0.553697 0.270479 hargrave 2019-05-30 21:01:00 
AF 660 183.1 -87.3 183.1 -87.3 9.75E-04 000.5 277.0 -87.3 0.648717 0.611458 0.310307 hargrave 2019-05-30 21:02:20 
AF 680 166.8 -85.6 166.8 -85.6 1.03E-03 000.5 260.7 -85.6 0.653960 0.586472 0.251316 hargrave 2019-05-30 21:03:40 
AF 700 358.9 -88.7 358.9 -88.7 1.07E-03 000.5 092.8 -88.7 0.657514 0.627756 0.310147 hargrave 2019-05-30 21:04:59 
AF 720 084.1 -85.0 084.1 -85.0 1.32E-03 000.5 178.0 -85.0 0.885892 0.891867 0.251391 hargrave 2019-05-30 21:06:19 
AF 740 012.9 -85.0 012.9 -85.0 1.30E-03 000.5 106.8 -85.0 0.757035 0.774437 0.333633 hargrave 2019-05-30 21:07:39 
AF 760 071.0 -84.2 071.0 -84.2 1.47E-03 000.5 164.9 -84.2 0.890958 0.901231 0.389604 hargrave 2019-05-30 21:08:59 
AF 780 275.9 -85.6 275.9 -85.6 1.67E-03 000.5 009.8 -85.6 1.110050 0.949948 0.535428 hargrave 2019-05-30 21:10:19 
AF 800 345.2 -86.5 345.2 -86.5 1.73E-03 000.5 079.1 -86.5 1.070853 1.044177 0.496630 hargrave 2019-05-30 21:11:39 
AF 850 289.2 -88.1 289.2 -88.1 2.24E-03 000.5 023.1 -88.1 1.536129 1.438971 0.672563 hargrave 2019-05-30 21:13:00 
AF 900 264.7 -89.1 264.7 -89.1 2.62E-03 000.5 358.6 -89.1 1.765064 1.630907 0.776871 hargrave 2019-05-30 21:14:20 
AF 950 005.0 -87.1 005.0 -87.1 3.26E-03 000.6 098.9 -87.1 2.383890 2.111043 0.842048 hargrave 2019-05-30 21:15:40 
AF1000 308.0 -88.2 308.0 -88.2 3.90E-03 000.6 041.9 -88.2 2.838608 2.487651 1.044033 hargrave 2019-05-30 21:17:00 
AF1050 348.7 -87.2 348.7 -87.2 4.66E-03 000.6 082.6 -87.2 3.385673 3.019859 1.285065 hargrave 2019-05-30 21:18:22 
AF1100 353.5 -87.4 353.5 -87.4 5.28E-03 000.6 087.4 -87.4 3.780463 3.378274 1.418215 hargrave 2019-05-30 21:19:43 
AF1150 312.7 -87.8 312.7 -87.8 5.51E-03 000.6 046.6 -87.8 3.993014 3.493287 1.586999 hargrave 2019-05-30 21:21:04 
AF1200 316.3 -87.2 316.3 -87.2 5.83E-03 000.6 050.2 -87.2 4.276265 3.733134 1.622437 hargrave 2019-05-30 21:22:26 
AF1250 283.3 -88.1 283.3 -88.1 6.69E-03 000.6 017.2 -88.1 4.830011 4.394270 1.946900 hargrave 2019-05-30 21:23:48 
AF1300 301.6 -88.2 301.6 -88.2 8.15E-03 000.6 035.5 -88.2 6.027275 5.377725 2.401894 hargrave 2019-05-30 21:25:10 
NRM    309.2 -87.9 309.2 -87.9 8.13E-03 000.6 043.1 -87.9 5.988995 5.589971 1.844188 hargrave 2019-05-31 05:19:54 
AF  10 310.0 -88.0 310.0 -88.0 8.00E-03 000.6 043.9 -88.0 5.994140 5.663750 1.885390 hargrave 2019-05-31 05:21:18 
AF  20 312.2 -88.0 312.2 -88.0 7.84E-03 000.6 046.1 -88.0 5.818860 5.504835 1.894778 hargrave 2019-05-31 05:22:40 
AF  30 311.3 -88.0 311.3 -88.0 7.65E-03 000.6 045.2 -88.0 5.698178 5.373021 1.866708 hargrave 2019-05-31 05:24:00 
AF  40 306.6 -88.1 306.6 -88.1 7.37E-03 000.6 040.5 -88.1 5.484349 5.175872 1.817431 hargrave 2019-05-31 05:25:21 
AF  50 311.9 -87.7 311.9 -87.7 7.03E-03 000.6 045.8 -87.7 5.210555 4.963917 1.767909 hargrave 2019-05-31 05:26:45 
AF  60 315.7 -88.0 315.7 -88.0 6.71E-03 000.6 049.6 -88.0 5.025305 4.730835 1.655928 hargrave 2019-05-31 05:28:05 
AF  70 317.9 -88.2 317.9 -88.2 6.32E-03 000.6 051.8 -88.2 4.722246 4.432147 1.562619 hargrave 2019-05-31 05:29:26 
AF  80 322.4 -87.9 322.4 -87.9 5.89E-03 000.6 056.3 -87.9 4.445040 4.177978 1.462632 hargrave 2019-05-31 05:30:47 
AF  90 323.3 -88.1 323.3 -88.1 5.46E-03 000.6 057.2 -88.1 4.100756 3.835985 1.347933 hargrave 2019-05-31 05:32:11 
AF 100 323.9 -88.0 323.9 -88.0 5.07E-03 000.6 057.8 -88.0 3.793286 3.564666 1.290093 hargrave 2019-05-31 05:33:31 
AF 120 304.3 -87.9 304.3 -87.9 4.46E-03 000.6 038.2 -87.9 3.264665 3.040259 1.197154 hargrave 2019-05-31 05:34:53 
AF 140 350.6 -86.8 350.6 -86.8 3.76E-03 000.6 084.5 -86.8 2.737661 2.544962 0.987874 hargrave 2019-05-31 05:36:14 
AF 160 344.8 -88.6 344.8 -88.6 3.23E-03 000.6 078.7 -88.6 2.325679 2.174616 0.849468 hargrave 2019-05-31 05:37:34 
AF 180 017.9 -89.1 017.9 -89.1 2.70E-03 000.6 111.8 -89.1 1.894388 1.853840 0.724053 hargrave 2019-05-31 05:38:55 
AF 200 041.3 -87.6 041.3 -87.6 2.35E-03 000.5 135.2 -87.6 1.593284 1.569034 0.637941 hargrave 2019-05-31 05:40:15 
AF 220 057.3 -88.1 057.3 -88.1 2.06E-03 000.5 151.2 -88.1 1.337712 1.365427 0.510727 hargrave 2019-05-31 05:41:36 
AF 240 060.3 -88.9 060.3 -88.9 1.80E-03 000.5 154.2 -88.9 1.177013 1.108217 0.444645 hargrave 2019-05-31 05:42:57 
AF 260 017.1 -86.9 017.1 -86.9 1.52E-03 000.5 111.0 -86.9 0.920209 1.005355 0.393176 hargrave 2019-05-31 05:44:18 
AF 280 318.9 -87.3 318.9 -87.3 1.38E-03 000.5 052.8 -87.3 0.827673 0.808304 0.388238 hargrave 2019-05-31 05:45:38 
AF 300 028.9 -83.5 028.9 -83.5 1.17E-03 000.5 122.8 -83.5 0.713634 0.813572 0.233422 hargrave 2019-05-31 05:46:59 
AF 320 027.3 -84.8 027.3 -84.8 9.27E-04 000.5 121.2 -84.8 0.559921 0.645489 0.227123 hargrave 2019-05-31 05:48:20 
AF 340 351.2 -86.2 351.2 -86.2 9.29E-04 000.5 085.1 -86.2 0.542216 0.540277 0.226172 hargrave 2019-05-31 05:49:41 
AF 360 048.1 -84.6 048.1 -84.6 8.18E-04 000.5 142.0 -84.6 0.499011 0.593147 0.154009 hargrave 2019-05-31 05:51:02 
AF 380 014.2 -85.6 014.2 -85.6 6.28E-04 000.6 108.1 -85.6 0.376633 0.471529 0.175065 hargrave 2019-05-31 05:52:23 
AF 400 310.9 -79.3 310.9 -79.3 6.46E-04 000.5 044.8 -79.3 0.355720 0.380416 0.212979 hargrave 2019-05-31 05:53:50 
AF 420 091.2 -85.9 091.2 -85.9 6.18E-04 000.6 185.1 -85.9 0.458814 0.403023 0.170360 hargrave 2019-05-31 05:55:11 
AF 440 103.8 -80.3 103.8 -80.3 4.42E-04 000.7 197.7 -80.3 0.404816 0.358127 0.140724 hargrave 2019-05-31 05:56:31 
AF 460 259.3 -82.7 259.3 -82.7 5.83E-04 000.5 353.2 -82.7 0.386378 0.293593 0.176829 hargrave 2019-05-31 05:57:52 
AF 480 344.0 -79.6 344.0 -79.6 5.50E-04 000.5 077.9 -79.6 0.274577 0.359957 0.179268 hargrave 2019-05-31 05:59:17 
AF 500 302.8 -78.2 302.8 -78.2 6.20E-04 000.5 036.7 -78.2 0.324952 0.386118 0.233477 hargrave 2019-05-31 06:00:37 
AF 520 014.8 -86.9 014.8 -86.9 6.04E-04 000.5 108.7 -86.9 0.345467 0.367278 0.168409 hargrave 2019-05-31 06:01:59 
AF 540 340.5 -82.0 340.5 -82.0 6.39E-04 000.5 074.4 -82.0 0.362524 0.392595 0.126611 hargrave 2019-05-31 06:03:20 
AF 560 108.5 -82.4 108.5 -82.4 5.59E-04 000.6 202.4 -82.4 0.478884 0.356121 0.076039 hargrave 2019-05-31 06:05:31 
AF 580 147.4 -84.0 147.4 -84.0 5.47E-04 000.5 241.3 -84.0 0.383661 0.291154 0.142585 hargrave 2019-05-31 06:06:52 
AF 600 038.8 -81.4 038.8 -81.4 7.04E-04 000.5 132.7 -81.4 0.389403 0.513097 0.162298 hargrave 2019-05-31 06:08:19 
AF 620 020.1 -86.6 020.1 -86.6 8.02E-04 000.5 114.0 -86.6 0.410376 0.484984 0.201092 hargrave 2019-05-31 06:09:40 
AF 640 203.5 -83.1 203.5 -83.1 7.45E-04 000.5 297.4 -83.1 0.506884 0.394530 0.185287 hargrave 2019-05-31 06:11:01 
AF 660 240.4 -83.6 240.4 -83.6 9.14E-04 000.5 334.3 -83.6 0.608605 0.532078 0.274849 hargrave 2019-05-31 06:12:21 
AF 680 355.2 -83.9 355.2 -83.9 8.18E-04 000.4 089.1 -83.9 0.429077 0.405780 0.267291 hargrave 2019-05-31 06:13:42 
AF 700 129.3 -84.9 129.3 -84.9 9.51E-04 000.5 223.2 -84.9 0.663741 0.614445 0.182410 hargrave 2019-05-31 06:15:07 
AF 720 054.2 -84.7 054.2 -84.7 9.77E-04 000.4 148.1 -84.7 0.504012 0.541970 0.214790 hargrave 2019-05-31 06:16:28 
AF 740 250.6 -84.4 250.6 -84.4 1.17E-03 000.5 344.5 -84.4 0.745480 0.662160 0.363675 hargrave 2019-05-31 06:17:49 
AF 760 179.3 -84.8 179.3 -84.8 1.25E-03 000.5 273.2 -84.8 0.742772 0.687885 0.290556 hargrave 2019-05-31 06:19:09 
AF 780 127.9 -87.6 127.9 -87.6 1.42E-03 000.5 221.8 -87.6 0.941742 0.876866 0.356946 hargrave 2019-05-31 06:20:34 
AF 800 214.6 -88.6 214.6 -88.6 1.64E-03 000.5 308.5 -88.6 1.130871 1.083200 0.423946 hargrave 2019-05-31 06:21:54 
AF 850 349.1 -86.8 349.1 -86.8 2.07E-03 000.5 083.0 -86.8 1.457769 1.336301 0.534082 hargrave 2019-05-31 06:23:15 
AF 900 298.9 -87.4 298.9 -87.4 2.70E-03 000.5 032.8 -87.4 1.813633 1.632557 0.694031 hargrave 2019-05-31 06:24:36 
AF 950 303.4 -86.4 303.4 -86.4 3.23E-03 000.5 037.3 -86.4 2.203927 1.989813 0.780301 hargrave 2019-05-31 06:25:57 
AF1000 309.1 -86.3 309.1 -86.3 3.84E-03 000.6 043.0 -86.3 2.767395 2.533624 0.926747 hargrave 2019-05-31 06:27:17 
AF1050 314.8 -87.2 314.8 -87.2 4.47E-03 000.6 048.7 -87.2 3.267158 3.047627 1.082789 hargrave 2019-05-31 06:28:39 
AF1100 332.6 -87.0 332.6 -87.0 5.02E-03 000.6 066.5 -87.0 3.457644 3.382436 1.220606 hargrave 2019-05-31 06:30:04 
AF1150 313.8 -87.7 313.8 -87.7 5.58E-03 000.6 047.7 -87.7 4.142560 3.900313 1.364184 hargrave 2019-05-31 06:31:26 
AF1200 295.3 -87.9 295.3 -87.9 5.94E-03 000.6 029.2 -87.9 4.265713 3.983450 1.424735 hargrave 2019-05-31 06:32:48 
AF1250 308.7 -86.8 308.7 -86.8 6.62E-03 000.6 042.6 -86.8 4.802009 4.541328 1.587328 hargrave 2019-05-31 06:35:00 
AF1300 312.9 -87.6 312.9 -87.6 8.04E-03 000.6 046.8 -87.6 5.892143 5.506677 1.892404 hargrave 2019-05-31 06:36:24 
