SL- 7a mag compass orientation (IGRF corrected)
  603.7  -3.9   0.0   0.0   0.0   0.0
NRM    285.8 -11.7 285.8 -11.7 5.21E-03 000.7 019.7 -11.7 5.875745 5.373371 2.013730 hargrave 2019-05-30 21:28:25 
AF  10 273.5  31.0 273.5  31.0 6.10E-03 000.9 007.4  31.0 8.837696 8.230248 1.877560 hargrave 2019-05-30 21:29:46 
AF  20 272.2  32.8 272.2  32.8 5.19E-03 000.9 006.1  32.8 6.855528 7.054492 1.458394 hargrave 2019-05-30 21:31:06 
AF  30 271.4  33.0 271.4  33.0 3.81E-03 000.8 005.3  33.0 5.216556 3.933892 1.011357 hargrave 2019-05-30 21:33:23 
AF  40 271.2  32.6 271.2  32.6 2.43E-03 000.9 005.1  32.6 3.399976 3.485854 0.601172 hargrave 2019-05-30 21:34:43 
AF  50 271.2  29.4 271.2  29.4 1.66E-03 000.9 005.1  29.4 2.409777 2.416218 0.416754 hargrave 2019-05-30 21:36:02 
AF  60 272.5  28.2 272.5  28.2 1.10E-03 001.0 006.4  28.2 1.715567 1.750992 0.339260 hargrave 2019-05-30 21:37:23 
AF  70 273.7  21.2 273.7  21.2 7.79E-04 001.0 007.6  21.2 1.301302 1.311570 0.272696 hargrave 2019-05-30 21:38:43 
AF  80 276.7  13.3 276.7  13.3 5.22E-04 001.1 010.6  13.3 0.914358 0.920687 0.256401 hargrave 2019-05-30 21:40:03 
AF  90 279.5 -00.4 279.5 -00.4 3.68E-04 001.1 013.4 -00.4 0.586967 0.612264 0.210559 hargrave 2019-05-30 21:41:23 
AF 100 291.9 -10.6 291.9 -10.6 2.80E-04 001.2 025.8 -10.6 0.400625 0.497836 0.188166 hargrave 2019-05-30 21:42:44 
AF 120 297.3 -21.3 297.3 -21.3 2.09E-04 001.3 031.2 -21.3 0.310346 0.387966 0.137579 hargrave 2019-05-30 21:44:05 
AF 140 311.9 -38.4 311.9 -38.4 2.42E-04 000.8 045.8 -38.4 0.267598 0.287804 0.095337 hargrave 2019-05-30 21:45:32 
AF 160 290.5 -54.0 290.5 -54.0 2.24E-04 000.8 024.4 -54.0 0.192665 0.291847 0.073208 hargrave 2019-05-30 21:46:56 
AF 180 354.0 -61.7 354.0 -61.7 1.96E-04 000.8 087.9 -61.7 0.178074 0.267899 0.068068 hargrave 2019-05-30 21:48:16 
AF 200 350.8 -62.5 350.8 -62.5 1.86E-04 001.0 084.7 -62.5 0.207495 0.261050 0.057833 hargrave 2019-05-30 21:49:37 
AF 220 350.6 -58.5 350.6 -58.5 2.41E-04 000.8 084.5 -58.5 0.172666 0.285724 0.119515 hargrave 2019-05-30 21:51:47 
AF 240 320.9 -81.4 320.9 -81.4 2.38E-04 000.9 054.8 -81.4 0.287365 0.263657 0.107094 hargrave 2019-05-30 21:53:07 
AF 260 359.0 -68.3 359.0 -68.3 2.48E-04 000.7 092.9 -68.3 0.176678 0.259296 0.062384 hargrave 2019-05-30 21:54:28 
AF 280 094.8 -82.2 094.8 -82.2 2.36E-04 000.7 188.7 -82.2 0.230274 0.183004 0.100259 hargrave 2019-05-30 21:55:49 
AF 300 050.5 -67.9 050.5 -67.9 1.91E-04 000.9 144.4 -67.9 0.204226 0.230331 0.033336 hargrave 2019-05-30 21:57:10 
AF 320 062.7 -83.0 062.7 -83.0 1.85E-04 001.4 156.6 -83.0 0.338269 0.279364 0.090959 hargrave 2019-05-30 21:58:30 
AF 340 032.7 -73.9 032.7 -73.9 2.31E-04 001.0 126.6 -73.9 0.267530 0.280803 0.110641 hargrave 2019-05-30 21:59:51 
AF 360 014.3 -69.7 014.3 -69.7 2.33E-04 000.8 108.2 -69.7 0.190916 0.255918 0.112407 hargrave 2019-05-30 22:01:12 
AF 380 039.3 -72.6 039.3 -72.6 1.98E-04 000.9 133.2 -72.6 0.166463 0.247746 0.102639 hargrave 2019-05-30 22:02:32 
AF 400 344.0 -82.2 344.0 -82.2 2.08E-04 000.9 077.9 -82.2 0.241058 0.225232 0.104711 hargrave 2019-05-30 22:03:59 
AF 420 057.8 -80.2 057.8 -80.2 2.08E-04 000.7 151.7 -80.2 0.204486 0.167854 0.082113 hargrave 2019-05-30 22:05:20 
AF 440 034.7 -69.5 034.7 -69.5 2.00E-04 001.1 128.6 -69.5 0.226168 0.296143 0.089069 hargrave 2019-05-30 22:06:47 
AF 460 033.2 -73.5 033.2 -73.5 2.35E-04 001.0 127.1 -73.5 0.254745 0.273678 0.128784 hargrave 2019-05-30 22:08:09 
AF 480 359.4 -72.4 359.4 -72.4 1.97E-04 001.0 093.3 -72.4 0.235430 0.270283 0.084749 hargrave 2019-05-30 22:09:29 
AF 500 035.7 -72.2 035.7 -72.2 2.54E-04 000.9 129.6 -72.2 0.257981 0.300601 0.064498 hargrave 2019-05-30 22:10:50 
AF 520 148.5 -81.1 148.5 -81.1 2.98E-04 000.9 242.4 -81.1 0.391567 0.284700 0.080264 hargrave 2019-05-30 22:12:11 
AF 540 028.0 -73.9 028.0 -73.9 1.95E-04 001.3 121.9 -73.9 0.254313 0.330812 0.098281 hargrave 2019-05-30 22:13:31 
AF 560 257.4 -75.3 257.4 -75.3 2.47E-04 000.7 351.3 -75.3 0.259978 0.218000 0.171636 hargrave 2019-05-30 22:14:55 
AF 580 024.5 -81.8 024.5 -81.8 2.79E-04 000.8 118.4 -81.8 0.270709 0.277451 0.104221 hargrave 2019-05-30 22:16:16 
AF 600 303.8 -87.6 303.8 -87.6 2.62E-04 000.8 037.7 -87.6 0.247817 0.251203 0.098961 hargrave 2019-05-30 22:17:40 
AF 620 275.6 -73.7 275.6 -73.7 3.06E-04 000.5 009.5 -73.7 0.176691 0.190088 0.141922 hargrave 2019-05-30 22:19:04 
AF 640 161.3 -75.6 161.3 -75.6 3.19E-04 000.7 255.2 -75.6 0.341261 0.277871 0.151902 hargrave 2019-05-30 22:20:24 
AF 660 292.6 -79.6 292.6 -79.6 3.22E-04 000.6 026.5 -79.6 0.209260 0.284682 0.135669 hargrave 2019-05-30 22:21:45 
AF 680 060.0 -83.6 060.0 -83.6 4.07E-04 000.5 153.9 -83.6 0.297110 0.239542 0.112438 hargrave 2019-05-30 22:23:09 
AF 700 346.0 -81.0 346.0 -81.0 3.52E-04 000.6 079.9 -81.0 0.261769 0.282941 0.119973 hargrave 2019-05-30 22:24:30 
AF 720 353.4 -85.9 353.4 -85.9 4.09E-04 000.5 087.3 -85.9 0.298003 0.225624 0.164983 hargrave 2019-05-30 22:25:50 
AF 740 045.1 -81.1 045.1 -81.1 4.09E-04 000.6 139.0 -81.1 0.309320 0.305490 0.128542 hargrave 2019-05-30 22:27:11 
AF 760 171.9 -87.7 171.9 -87.7 5.23E-04 000.7 265.8 -87.7 0.464136 0.443126 0.162713 hargrave 2019-05-30 22:28:32 
AF 780 358.5 -83.3 358.5 -83.3 4.82E-04 000.4 092.4 -83.3 0.246550 0.206162 0.182898 hargrave 2019-05-30 22:29:52 
AF 800 071.0 -89.6 071.0 -89.6 5.25E-04 000.5 164.9 -89.6 0.330575 0.334726 0.189648 hargrave 2019-05-30 22:31:13 
AF 850 321.9 -83.9 321.9 -83.9 6.97E-04 000.5 055.8 -83.9 0.410384 0.386182 0.201968 hargrave 2019-05-30 22:32:34 
AF 900 273.0 -89.0 273.0 -89.0 8.33E-04 000.5 006.9 -89.0 0.541786 0.544198 0.235398 hargrave 2019-05-30 22:33:56 
AF 950 011.3 -89.4 011.3 -89.4 9.86E-04 000.5 105.2 -89.4 0.633704 0.598978 0.244175 hargrave 2019-05-30 22:35:20 
AF1000 273.5 -84.3 273.5 -84.3 1.20E-03 000.5 007.4 -84.3 0.727088 0.636294 0.388953 hargrave 2019-05-30 22:36:41 
AF1050 114.0 -89.6 114.0 -89.6 1.37E-03 000.5 207.9 -89.6 0.849711 0.858190 0.348756 hargrave 2019-05-30 22:38:02 
AF1100 228.3 -87.5 228.3 -87.5 1.51E-03 000.5 322.2 -87.5 0.890969 0.872724 0.451165 hargrave 2019-05-30 22:39:27 
AF1150 167.0 -88.3 167.0 -88.3 1.63E-03 000.5 260.9 -88.3 1.015352 0.980005 0.447774 hargrave 2019-05-30 22:40:49 
AF1200 185.2 -88.0 185.2 -88.0 1.76E-03 000.5 279.1 -88.0 1.173472 1.185258 0.475119 hargrave 2019-05-30 22:42:11 
AF1250 260.6 -87.7 260.6 -87.7 1.96E-03 000.5 354.5 -87.7 1.290027 1.276377 0.550137 hargrave 2019-05-30 22:43:37 
AF1300 276.1 -89.0 276.1 -89.0 2.39E-03 000.5 010.0 -89.0 1.574902 1.630461 0.604252 hargrave 2019-05-30 22:45:08 
NRM    282.2 -88.6 282.2 -88.6 2.35E-03 000.5 016.1 -88.6 1.538436 1.478930 0.700514 hargrave 2019-05-31 06:39:44 
AF  10 275.8 -88.8 275.8 -88.8 2.27E-03 000.5 009.7 -88.8 1.500319 1.505113 0.698590 hargrave 2019-05-31 06:41:05 
AF  20 289.9 -88.8 289.9 -88.8 2.20E-03 000.5 023.8 -88.8 1.469149 1.434494 0.675195 hargrave 2019-05-31 06:42:25 
AF  30 299.0 -88.8 299.0 -88.8 2.10E-03 000.5 032.9 -88.8 1.402776 1.320467 0.650125 hargrave 2019-05-31 06:43:45 
AF  40 322.1 -89.5 322.1 -89.5 1.97E-03 000.5 056.0 -89.5 1.299050 1.258734 0.591915 hargrave 2019-05-31 06:45:06 
AF  50 342.0 -89.4 342.0 -89.4 1.84E-03 000.5 075.9 -89.4 1.163155 1.172385 0.551446 hargrave 2019-05-31 06:46:26 
AF  60 009.6 -88.4 009.6 -88.4 1.72E-03 000.5 103.5 -88.4 1.081457 1.090632 0.488141 hargrave 2019-05-31 06:47:47 
AF  70 022.9 -89.2 022.9 -89.2 1.59E-03 000.5 116.8 -89.2 0.991450 0.989796 0.479341 hargrave 2019-05-31 06:49:07 
AF  80 318.4 -89.5 318.4 -89.5 1.42E-03 000.5 052.3 -89.5 0.874303 0.854990 0.430181 hargrave 2019-05-31 06:50:31 
AF  90 358.1 -88.9 358.1 -88.9 1.34E-03 000.5 092.0 -88.9 0.786079 0.823591 0.393599 hargrave 2019-05-31 06:51:51 
AF 100 056.8 -87.5 056.8 -87.5 1.22E-03 000.5 150.7 -87.5 0.721977 0.736517 0.323293 hargrave 2019-05-31 06:53:12 
AF 120 110.3 -89.3 110.3 -89.3 1.06E-03 000.5 204.2 -89.3 0.666918 0.642254 0.317700 hargrave 2019-05-31 06:54:33 
AF 140 331.2 -86.9 331.2 -86.9 9.34E-04 000.5 065.1 -86.9 0.546964 0.544594 0.265299 hargrave 2019-05-31 06:55:57 
AF 160 049.5 -87.7 049.5 -87.7 7.41E-04 000.4 143.4 -87.7 0.420327 0.402640 0.188171 hargrave 2019-05-31 06:57:17 
AF 180 035.2 -85.3 035.2 -85.3 6.48E-04 000.5 129.1 -85.3 0.397493 0.426092 0.188544 hargrave 2019-05-31 06:58:38 
AF 200 309.1 -82.8 309.1 -82.8 5.50E-04 000.5 043.0 -82.8 0.273572 0.342063 0.207083 hargrave 2019-05-31 06:59:58 
AF 220 315.0 -81.1 315.0 -81.1 4.95E-04 000.4 048.9 -81.1 0.262393 0.257648 0.182196 hargrave 2019-05-31 07:01:19 
AF 240 329.6 -73.7 329.6 -73.7 4.26E-04 000.5 063.5 -73.7 0.200750 0.283339 0.164010 hargrave 2019-05-31 07:02:39 
AF 260 001.0 -84.1 001.0 -84.1 4.17E-04 000.6 094.9 -84.1 0.270349 0.285729 0.156073 hargrave 2019-05-31 07:04:00 
AF 280 320.7 -85.0 320.7 -85.0 3.18E-04 000.5 054.6 -85.0 0.181319 0.176502 0.097409 hargrave 2019-05-31 07:05:22 
AF 300 208.0 -79.7 208.0 -79.7 3.73E-04 000.6 301.9 -79.7 0.337216 0.250555 0.144517 hargrave 2019-05-31 07:06:45 
AF 320 210.3 -84.0 210.3 -84.0 2.89E-04 000.7 304.2 -84.0 0.263183 0.228503 0.131997 hargrave 2019-05-31 07:08:06 
AF 340 357.7 -73.7 357.7 -73.7 2.06E-04 001.0 091.6 -73.7 0.240171 0.273235 0.102547 hargrave 2019-05-31 07:09:27 
AF 360 081.2 -71.4 081.2 -71.4 2.61E-04 000.9 175.1 -71.4 0.286530 0.264159 0.082349 hargrave 2019-05-31 07:10:47 
AF 380 088.7 -79.9 088.7 -79.9 3.19E-04 000.7 182.6 -79.9 0.294981 0.273953 0.100787 hargrave 2019-05-31 07:12:11 
AF 400 301.5 -81.6 301.5 -81.6 2.13E-04 001.0 035.4 -81.6 0.208566 0.296380 0.154410 hargrave 2019-05-31 07:13:32 
AF 420 029.0 -51.8 029.0 -51.8 1.65E-04 001.4 122.9 -51.8 0.217640 0.390752 0.099596 hargrave 2019-05-31 07:14:52 
AF 440 225.9 -81.2 225.9 -81.2 1.79E-04 001.3 319.8 -81.2 0.291481 0.280348 0.089011 hargrave 2019-05-31 07:16:17 
AF 460 358.7 -86.3 358.7 -86.3 2.06E-04 001.0 092.6 -86.3 0.265260 0.236328 0.080747 hargrave 2019-05-31 07:17:38 
AF 480 029.6 -67.5 029.6 -67.5 1.97E-04 000.9 123.5 -67.5 0.186706 0.229342 0.087374 hargrave 2019-05-31 07:18:59 
AF 500 287.2 -76.9 287.2 -76.9 1.27E-04 001.7 021.1 -76.9 0.217823 0.304680 0.082103 hargrave 2019-05-31 07:20:24 
AF 520 045.7 -87.7 045.7 -87.7 2.39E-04 000.8 139.6 -87.7 0.233907 0.237421 0.142508 hargrave 2019-05-31 07:21:45 
AF 540 282.2 -75.2 282.2 -75.2 1.79E-04 001.2 016.1 -75.2 0.233558 0.305088 0.135058 hargrave 2019-05-31 07:23:05 
AF 560 284.9 -88.3 284.9 -88.3 2.33E-04 001.1 018.8 -88.3 0.288087 0.344881 0.095857 hargrave 2019-05-31 07:24:26 
AF 580 355.1 -84.5 355.1 -84.5 2.15E-04 001.3 089.0 -84.5 0.335438 0.335769 0.123251 hargrave 2019-05-31 07:25:47 
AF 600 348.5 -64.1 348.5 -64.1 2.05E-04 000.9 082.4 -64.1 0.157905 0.300207 0.112422 hargrave 2019-05-31 07:27:08 
AF 620 246.9 -87.4 246.9 -87.4 2.61E-04 000.9 340.8 -87.4 0.278814 0.286139 0.121548 hargrave 2019-05-31 07:28:29 
AF 640 198.7 -80.2 198.7 -80.2 2.56E-04 000.9 292.6 -80.2 0.310266 0.306020 0.126961 hargrave 2019-05-31 07:29:53 
AF 660 238.8 -85.6 238.8 -85.6 3.27E-04 000.8 332.7 -85.6 0.344855 0.299591 0.108599 hargrave 2019-05-31 07:31:18 
AF 680 094.0 -83.5 094.0 -83.5 3.07E-04 000.8 187.9 -83.5 0.342790 0.283734 0.136774 hargrave 2019-05-31 07:32:43 
AF 700 159.9 -77.3 159.9 -77.3 4.17E-04 000.6 253.8 -77.3 0.392225 0.251372 0.146465 hargrave 2019-05-31 07:34:07 
AF 720 188.2 -84.6 188.2 -84.6 3.65E-04 000.5 282.1 -84.6 0.287046 0.195125 0.157111 hargrave 2019-05-31 07:35:28 
AF 740 159.0 -86.8 159.0 -86.8 4.78E-04 000.7 252.9 -86.8 0.439242 0.419312 0.175691 hargrave 2019-05-31 07:36:52 
AF 760 220.0 -75.7 220.0 -75.7 4.43E-04 000.7 313.9 -75.7 0.448573 0.354261 0.230782 hargrave 2019-05-31 07:38:21 
AF 780 107.0 -84.8 107.0 -84.8 4.75E-04 000.5 200.9 -84.8 0.313731 0.211895 0.136870 hargrave 2019-05-31 07:39:42 
AF 800 312.2 -81.1 312.2 -81.1 5.02E-04 000.5 046.1 -81.1 0.310158 0.295524 0.204104 hargrave 2019-05-31 07:41:07 
AF 850 273.2 -87.3 273.2 -87.3 6.51E-04 000.5 007.1 -87.3 0.358137 0.379808 0.215347 hargrave 2019-05-31 07:42:28 
AF 900 010.9 -84.7 010.9 -84.7 7.61E-04 000.4 104.8 -84.7 0.371782 0.437433 0.233233 hargrave 2019-05-31 07:43:50 
AF 950 276.7 -88.7 276.7 -88.7 1.01E-03 000.5 010.6 -88.7 0.607768 0.686338 0.317109 hargrave 2019-05-31 07:45:12 
AF1000 324.4 -89.3 324.4 -89.3 1.11E-03 000.5 058.3 -89.3 0.748560 0.715888 0.356874 hargrave 2019-05-31 07:46:34 
AF1050 259.1 -87.3 259.1 -87.3 1.30E-03 000.5 353.0 -87.3 0.876536 0.859419 0.443205 hargrave 2019-05-31 07:47:56 
AF1100 211.8 -87.9 211.8 -87.9 1.51E-03 000.5 305.7 -87.9 1.031462 0.988228 0.484801 hargrave 2019-05-31 07:49:18 
AF1150 260.9 -88.7 260.9 -88.7 1.69E-03 000.5 354.8 -88.7 1.155237 1.126049 0.494821 hargrave 2019-05-31 07:50:40 
AF1200 262.2 -86.3 262.2 -86.3 1.81E-03 000.5 356.1 -86.3 1.205049 1.181324 0.603509 hargrave 2019-05-31 07:52:03 
AF1250 341.8 -88.7 341.8 -88.7 2.02E-03 000.6 075.7 -88.7 1.411952 1.344316 0.557967 hargrave 2019-05-31 07:53:26 
AF1300 228.6 -87.4 228.6 -87.4 2.31E-03 000.5 322.5 -87.4 1.565213 1.461721 0.649665 hargrave 2019-05-31 07:54:50 
