SL- 8a mag compass orientation (IGRF corrected)
  622.2  -3.9   0.0   0.0   0.0   0.0
NRM    013.0 -44.4 013.0 -44.4 1.29E-08 017.9 106.9 -44.1 0.000133 0.000143 0.000411 hargrave 2019-05-30 22:47:25 
AF  10 003.4 -49.1 003.4 -49.1 1.18E-08 042.1 097.3 -48.8 0.000551 0.000799 0.000371 hargrave 2019-05-30 22:48:48 
AF  20 359.6 -11.0 359.6 -11.0 1.11E-08 043.2 093.5 -10.9 0.000979 0.000687 0.000029 hargrave 2019-05-30 22:50:12 
AF  30 007.5 -46.4 007.5 -46.4 1.14E-08 040.7 101.4 -46.0 0.000500 0.000734 0.000358 hargrave 2019-05-30 22:51:33 
AF  40 013.8 -37.4 013.8 -37.4 1.24E-08 012.0 107.7 -37.1 0.000028 0.000063 0.000289 hargrave 2019-05-30 22:52:53 
AF  50 006.6  02.4 006.6  02.4 1.31E-08 048.3 100.5  02.4 0.001271 0.001093 0.000132 hargrave 2019-05-30 22:54:13 
AF  60 015.9 -37.8 015.9 -37.8 1.23E-08 011.0 109.8 -37.5 0.000049 0.000048 0.000302 hargrave 2019-05-30 22:55:37 
AF  70 351.6  05.8 351.6  05.8 9.92E-09 062.8 085.5  05.7 0.001217 0.001131 0.000138 hargrave 2019-05-30 22:56:57 
AF  80 014.0  06.6 014.0  06.6 9.46E-09 067.2 107.9  06.5 0.001171 0.001070 0.000148 hargrave 2019-05-30 22:58:17 
AF  90 352.6  07.6 352.6  07.6 1.04E-08 060.6 086.5  07.5 0.001209 0.001106 0.000149 hargrave 2019-05-30 22:59:38 
AF 100 359.2  10.7 359.2  10.7 1.06E-08 047.8 093.1  10.6 0.001157 0.000795 0.000154 hargrave 2019-05-30 23:00:58 
AF 120 012.5  01.6 012.5  01.6 1.06E-08 043.5 106.4  01.6 0.000904 0.000634 0.000068 hargrave 2019-05-30 23:02:21 
AF 140 358.1  14.2 358.1  14.2 8.85E-09 066.1 092.0  14.1 0.001211 0.001111 0.000171 hargrave 2019-05-30 23:03:42 
AF 160 349.7  49.4 349.7  49.4 1.75E-08 049.3 083.6  49.1 0.001660 0.001381 0.000617 hargrave 2019-05-30 23:05:02 
AF 180 019.8 -40.4 019.8 -40.4 7.22E-09 055.4 113.7 -39.9 0.000528 0.000750 0.000289 hargrave 2019-05-30 23:06:23 
AF 200 336.7  35.0 336.7  35.0 1.04E-08 057.5 070.6  34.7 0.001223 0.001138 0.000194 hargrave 2019-05-30 23:07:43 
AF 220 019.5  29.1 019.5  29.1 1.13E-08 050.5 113.4  28.9 0.001174 0.000803 0.000201 hargrave 2019-05-30 23:09:04 
AF 240 009.7  24.6 009.7  24.6 8.03E-09 055.1 103.6  24.3 0.001062 0.000684 0.000074 hargrave 2019-05-30 23:10:31 
AF 260 026.4  19.2 026.4  19.2 1.14E-08 051.5 120.3  19.1 0.001348 0.001143 0.000160 hargrave 2019-05-30 23:11:55 
AF 280 021.5 -31.3 021.5 -31.3 8.52E-09 019.2 115.4 -31.0 0.000097 0.000085 0.000277 hargrave 2019-05-30 23:13:19 
AF 300 342.4 -33.0 342.4 -33.0 5.14E-09 065.3 076.3 -32.4 0.000497 0.000713 0.000275 hargrave 2019-05-30 23:14:40 
AF 320 008.1 -45.0 008.1 -45.0 2.31E-09 076.8 102.0 -43.3 0.000470 0.000712 0.000258 hargrave 2019-05-30 23:16:00 
AF 340 029.6  80.6 029.6  80.6 1.65E-08 027.5 123.5  80.2 0.000462 0.000668 0.000653 hargrave 2019-05-30 23:17:20 
AF 360 000.6  59.4 000.6  59.4 8.59E-09 057.6 094.5  58.8 0.001177 0.000781 0.000164 hargrave 2019-05-30 23:18:41 
AF 380 056.9  85.0 056.9  85.0 1.58E-08 029.4 150.8  84.7 0.000502 0.000712 0.000641 hargrave 2019-05-30 23:20:01 
AF 400 351.3  65.2 351.3  65.2 8.29E-09 070.2 085.2  64.6 0.001684 0.001381 0.000225 hargrave 2019-05-30 23:21:22 
AF 420 036.7 -20.9 036.7 -20.9 7.50E-09 019.5 130.6 -20.6 0.000100 0.000111 0.000220 hargrave 2019-05-30 23:22:49 
AF 440 334.1  47.6 334.1  47.6 8.94E-09 056.8 068.0  47.1 0.001194 0.000778 0.000233 hargrave 2019-05-30 23:24:10 
AF 460 044.5 -27.1 044.5 -27.1 4.03E-09 075.6 138.4 -26.5 0.000901 0.000645 0.000243 hargrave 2019-05-30 23:25:34 
AF 480 325.2  73.7 325.2  73.7 8.62E-09 068.9 059.1  73.1 0.001683 0.001361 0.000217 hargrave 2019-05-30 23:26:58 
AF 500 356.7  46.4 356.7  46.4 1.09E-08 058.6 090.6  46.1 0.001358 0.001119 0.000241 hargrave 2019-05-30 23:28:19 
AF 520 046.0  05.0 046.0  05.0 2.40E-09 079.0 139.9  04.8 0.000474 0.000685 0.000253 hargrave 2019-05-30 23:29:39 
AF 540 040.7  30.0 040.7  30.0 5.86E-09 069.4 134.6  29.5 0.000953 0.000646 0.000238 hargrave 2019-05-30 23:31:48 
AF 560 011.6  52.1 011.6  52.1 1.28E-08 043.5 105.5  51.8 0.001096 0.000716 0.000128 hargrave 2019-05-30 23:33:09 
AF 580 095.2  23.0 095.2  23.0 7.16E-09 015.6 189.1  22.7 0.000064 0.000090 0.000206 hargrave 2019-05-30 23:34:33 
AF 600 041.4  74.3 041.4  74.3 1.20E-08 054.3 135.3  73.8 0.001342 0.001114 0.000256 hargrave 2019-05-30 23:35:54 
AF 620 343.9  20.2 343.9  20.2 4.11E-09 074.6 077.8  19.8 0.000453 0.000660 0.000239 hargrave 2019-05-30 23:37:18 
AF 640 004.7  59.9 004.7  59.9 1.13E-08 063.9 098.6  59.5 0.001795 0.001356 0.000227 hargrave 2019-05-30 23:38:38 
AF 660 065.1  81.8 065.1  81.8 1.83E-08 025.1 159.0  81.5 0.000474 0.000659 0.000695 hargrave 2019-05-30 23:40:03 
AF 680 037.4  09.5 037.4  09.5 1.14E-08 049.3 131.3  09.4 0.000940 0.000620 0.000220 hargrave 2019-05-30 23:41:23 
AF 700 304.8  65.8 304.8  65.8 1.42E-08 041.3 038.7  65.4 0.001145 0.000763 0.000281 hargrave 2019-05-30 23:42:44 
AF 720 313.0  52.7 313.0  52.7 5.20E-09 065.8 046.9  51.8 0.000928 0.000602 0.000193 hargrave 2019-05-30 23:44:53 
AF 740 287.7  20.3 287.7  20.3 8.19E-09 059.3 021.6  20.1 0.000934 0.000634 0.000238 hargrave 2019-05-30 23:46:13 
AF 760 236.9  44.0 236.9  44.0 1.04E-08 058.3 330.8  43.6 0.001255 0.000816 0.000146 hargrave 2019-05-30 23:47:37 
AF 780 183.4  09.2 183.4  09.2 7.57E-09 045.9 277.3  09.1 0.000455 0.000649 0.000242 hargrave 2019-05-30 23:49:02 
AF 800 264.2  75.0 264.2  75.0 1.49E-08 027.9 358.1  74.6 0.000488 0.000704 0.000297 hargrave 2019-05-30 23:50:26 
AF 850 112.3  87.2 112.3  87.2 1.56E-08 048.5 206.2  86.9 0.001369 0.001167 0.000242 hargrave 2019-05-30 23:51:47 
AF 900 118.7  44.3 118.7  44.3 1.12E-08 032.8 212.6  44.0 0.000425 0.000628 0.000236 hargrave 2019-05-30 23:53:19 
AF 950 254.4  58.7 254.4  58.7 1.35E-08 045.1 348.3  58.3 0.001176 0.000753 0.000281 hargrave 2019-05-30 23:54:40 
AF1000 288.8  61.9 288.8  61.9 1.25E-08 059.0 022.7  61.5 0.001667 0.001116 0.000251 hargrave 2019-05-30 23:56:01 
AF1050 333.8  06.9 333.8  06.9 4.54E-09 074.5 067.7  06.7 0.000951 0.000649 0.000210 hargrave 2019-05-30 23:57:23 
AF1100 331.7  66.5 331.7  66.5 6.75E-09 049.3 065.6  65.7 0.000428 0.000633 0.000290 hargrave 2019-05-30 23:58:44 
AF1150 329.6  71.4 329.6  71.4 1.71E-08 045.9 063.5  71.1 0.001579 0.001065 0.000259 hargrave 2019-05-31 00:00:09 
AF1200 352.4  17.2 352.4  17.2 6.21E-09 066.8 086.3  17.0 0.001099 0.000722 0.000190 hargrave 2019-05-31 00:01:33 
AF1250 346.1  58.9 346.1  58.9 1.10E-08 048.1 080.0  58.5 0.001152 0.000768 0.000281 hargrave 2019-05-31 00:02:56 
AF1300 320.2  30.1 320.2  30.1 3.17E-09 078.4 054.1  29.2 0.000978 0.000646 0.000199 hargrave 2019-05-31 00:04:19 
NRM    007.5  18.3 007.5  18.3 1.21E-08 021.2 101.4  18.2 0.000083 0.000083 0.000503 hargrave 2019-05-31 07:57:04 
AF  10 002.3  18.0 002.3  18.0 1.03E-08 054.6 096.2  17.9 0.000445 0.000684 0.000531 hargrave 2019-05-31 07:58:30 
AF  20 347.7 -09.7 347.7 -09.7 1.34E-08 063.2 081.6 -09.6 0.001700 0.001368 0.000816 hargrave 2019-05-31 07:59:51 
AF  30 351.8 -10.7 351.8 -10.7 1.21E-08 058.5 085.7 -10.6 0.001144 0.001033 0.000799 hargrave 2019-05-31 08:01:16 
AF  40 357.9 -01.8 357.9 -01.8 1.21E-08 058.9 091.8 -01.8 0.001125 0.000975 0.000783 hargrave 2019-05-31 08:02:37 
AF  50 007.0  34.7 007.0  34.7 1.59E-08 036.7 100.9  34.5 0.000925 0.000630 0.000350 hargrave 2019-05-31 08:03:58 
AF  60 355.1  06.1 355.1  06.1 1.26E-08 057.1 089.0  06.0 0.001121 0.000978 0.000742 hargrave 2019-05-31 08:05:19 
AF  70 008.4  07.2 008.4  07.2 1.53E-08 050.3 102.3  07.2 0.001290 0.001154 0.000755 hargrave 2019-05-31 08:06:40 
AF  80 006.7  05.7 006.7  05.7 1.18E-08 061.3 100.6  05.6 0.001160 0.000996 0.000725 hargrave 2019-05-31 08:08:01 
AF  90 018.8  32.2 018.8  32.2 1.22E-08 017.5 112.7  31.9 0.000184 0.000157 0.000320 hargrave 2019-05-31 08:09:22 
AF 100 016.8  31.0 016.8  31.0 1.36E-08 014.8 110.7  30.8 0.000167 0.000143 0.000294 hargrave 2019-05-31 08:10:43 
AF 120 355.2 -01.0 355.2 -01.0 9.69E-09 064.4 089.1 -01.0 0.001190 0.000994 0.000691 hargrave 2019-05-31 08:12:04 
AF 140 005.2  60.2 005.2  60.2 3.07E-08 018.2 099.1  60.0 0.000919 0.000615 0.000209 hargrave 2019-05-31 08:15:06 
AF 160 000.9  55.5 000.9  55.5 2.87E-08 019.5 094.8  55.4 0.000947 0.000646 0.000232 hargrave 2019-05-31 08:18:08 
AF 180 359.0  47.3 359.0  47.3 3.63E-08 015.6 092.9  47.2 0.000956 0.000674 0.000225 hargrave 2019-05-31 08:21:10 
AF 200 012.9  65.9 012.9  65.9 3.84E-08 014.4 106.8  65.7 0.000881 0.000564 0.000259 hargrave 2019-05-31 08:24:09 
AF 220 016.2  46.7 016.2  46.7 2.81E-08 004.3 110.1  46.6 0.000119 0.000057 0.000298 hargrave 2019-05-31 08:25:33 
AF 240 016.0  44.2 016.0  44.2 3.38E-08 018.5 109.9  44.1 0.000962 0.000670 0.000181 hargrave 2019-05-31 08:28:45 
AF 260 010.0  49.0 010.0  49.0 3.49E-08 017.7 103.9  48.9 0.000938 0.000633 0.000182 hargrave 2019-05-31 08:31:48 
AF 280 013.1  53.5 013.1  53.5 4.08E-08 014.4 107.0  53.4 0.000946 0.000670 0.000298 hargrave 2019-05-31 08:34:48 
AF 300 006.5  20.0 006.5  20.0 2.64E-08 033.8 100.4  20.0 0.001249 0.001030 0.000596 hargrave 2019-05-31 08:37:49 
AF 320 002.8  40.3 002.8  40.3 3.20E-08 019.3 096.7  40.2 0.000977 0.000685 0.000159 hargrave 2019-05-31 08:40:47 
AF 340 003.7  49.5 003.7  49.5 2.36E-08 036.8 097.6  49.3 0.001203 0.000970 0.000594 hargrave 2019-05-31 08:43:49 
AF 360 022.6  54.1 022.6  54.1 2.70E-08 031.6 116.5  54.0 0.001176 0.000970 0.000633 hargrave 2019-05-31 08:46:51 
AF 380 026.6  48.9 026.6  48.9 1.97E-08 054.1 120.5  48.7 0.001732 0.001293 0.000635 hargrave 2019-05-31 08:48:12 
AF 400 030.7  38.7 030.7  38.7 1.61E-08 052.7 124.6  38.4 0.001460 0.001302 0.000635 hargrave 2019-05-31 08:49:33 
AF 420 012.9  10.2 012.9  10.2 1.80E-08 049.2 106.8  10.1 0.001298 0.001031 0.000639 hargrave 2019-05-31 08:52:31 
AF 440 024.5  44.6 024.5  44.6 1.61E-08 015.0 118.4  44.4 0.000365 0.000459 0.000270 hargrave 2019-05-31 08:53:55 
AF 460 047.8  21.7 047.8  21.7 1.28E-08 072.6 141.7  21.5 0.001847 0.001364 0.000650 hargrave 2019-05-31 08:55:16 
AF 480 114.6  53.0 114.6  53.0 1.30E-08 023.7 208.5  52.6 0.000327 0.000456 0.000328 hargrave 2019-05-31 08:56:37 
AF 500 334.0  74.6 334.0  74.6 1.42E-08 015.5 067.9  74.2 0.000299 0.000205 0.000174 hargrave 2019-05-31 08:57:58 
AF 520 013.5  56.4 013.5  56.4 1.57E-08 059.0 107.4  56.1 0.001796 0.001335 0.000611 hargrave 2019-05-31 09:00:11 
AF 540 042.4 -23.2 042.4 -23.2 9.43E-09 025.2 136.3 -23.0 0.000352 0.000297 0.000267 hargrave 2019-05-31 09:01:31 
AF 560 028.4  43.5 028.4  43.5 3.74E-08 020.7 122.3  43.4 0.001264 0.000878 0.000315 hargrave 2019-05-31 09:04:33 
AF 580 050.1  34.1 050.1  34.1 1.86E-08 020.3 144.0  33.9 0.000374 0.000515 0.000620 hargrave 2019-05-31 09:05:54 
AF 600 029.1  50.2 029.1  50.2 3.05E-08 005.8 123.0  50.0 0.000223 0.000198 0.000123 hargrave 2019-05-31 09:07:15 
AF 620 007.4  38.8 007.4  38.8 1.83E-08 012.5 101.3  38.6 0.000356 0.000500 0.000583 hargrave 2019-05-31 09:08:39 
AF 640 024.1  44.6 024.1  44.6 3.32E-08 024.2 118.0  44.4 0.001344 0.000952 0.000308 hargrave 2019-05-31 09:11:45 
AF 660 324.7 -09.6 324.7 -09.6 1.69E-08 053.5 058.6 -09.5 0.001908 0.001410 0.000572 hargrave 2019-05-31 09:13:06 
AF 680 356.6  26.1 356.6  26.1 2.70E-08 028.5 090.5  26.0 0.001400 0.000980 0.000085 hargrave 2019-05-31 09:16:04 
AF 700 004.0  38.6 004.0  38.6 1.26E-08 021.7 097.9  38.3 0.000341 0.000446 0.000575 hargrave 2019-05-31 09:17:25 
AF 720 274.3  36.3 274.3  36.3 9.74E-09 069.7 008.2  35.9 0.001482 0.001048 0.000296 hargrave 2019-05-31 09:18:46 
AF 740 039.2  23.6 039.2  23.6 9.92E-09 027.1 133.1  23.4 0.000395 0.000478 0.000236 hargrave 2019-05-31 09:20:06 
AF 760 317.3  08.0 317.3  08.0 1.36E-07 090.8 051.2  08.0 0.048490 0.033308 0.000117 hargrave 2019-05-31 09:23:12 
AF 780 033.5  48.5 033.5  48.5 2.64E-08 029.3 127.4  48.4 0.001308 0.000920 0.000311 hargrave 2019-05-31 09:26:14 
AF 800 029.1  48.9 029.1  48.9 3.29E-08 024.1 123.0  48.8 0.001311 0.000918 0.000278 hargrave 2019-05-31 09:29:12 
AF 850 338.9  54.8 338.9  54.8 3.17E-08 023.5 072.8  54.6 0.001354 0.000973 0.000340 hargrave 2019-05-31 09:32:11 
AF 900 012.8  16.3 012.8  16.3 1.89E-08 054.5 106.7  16.2 0.002088 0.001675 0.000546 hargrave 2019-05-31 09:33:36 
AF 950 341.0  26.7 341.0  26.7 1.04E-08 068.6 074.9  26.5 0.001875 0.001386 0.000604 hargrave 2019-05-31 09:35:01 
AF1000 350.4  49.3 350.4  49.3 2.76E-08 027.2 084.3  49.1 0.001415 0.000978 0.000320 hargrave 2019-05-31 09:38:03 
AF1050 340.4  10.0 340.4  10.0 1.40E-08 053.5 074.3  09.9 0.001493 0.001099 0.000313 hargrave 2019-05-31 09:39:25 
AF1100 025.9  59.8 025.9  59.8 1.40E-08 051.4 119.8  59.4 0.001422 0.001020 0.000118 hargrave 2019-05-31 09:40:50 
AF1150 339.5  05.0 339.5  05.0 2.37E-08 034.0 073.4  04.9 0.001570 0.001186 0.000391 hargrave 2019-05-31 09:43:57 
AF1200 048.0  52.0 048.0  52.0 2.94E-08 028.8 141.9  51.8 0.001372 0.000978 0.000298 hargrave 2019-05-31 09:46:57 
AF1250 029.5 -04.8 029.5 -04.8 1.53E-08 028.1 123.4 -04.8 0.000360 0.000445 0.000571 hargrave 2019-05-31 09:48:23 
AF1300 044.3  09.7 044.3  09.7 1.67E-08 014.1 138.2  09.6 0.000419 0.000479 0.000211 hargrave 2019-05-31 09:49:50 
NRM    260.5  01.8 260.5  01.8 1.45E-02 000.4 354.4  01.8 7.209312 10.13603 4.923296 hargrave 2019-05-31 10:52:17 
AF  10 276.4  09.6 276.4  09.6 1.24E-02 000.4 010.3  09.6 7.959737 7.667177 3.840258 hargrave 2019-05-31 10:53:38 
AF  20 275.2  10.1 275.2  10.1 9.22E-03 000.4 009.1  10.1 6.214304 5.225343 2.724361 hargrave 2019-05-31 10:54:58 
AF  30 271.8  06.7 271.8  06.7 6.66E-03 000.4 005.7  06.7 4.305583 3.585076 1.877126 hargrave 2019-05-31 10:56:18 
AF  40 266.6 -00.9 266.6 -00.9 4.53E-03 000.3 000.5 -00.9 2.442544 2.009080 1.240893 hargrave 2019-05-31 10:57:42 
AF  50 262.1 -09.2 262.1 -09.2 3.44E-03 000.2 356.0 -09.2 1.449251 1.206193 0.890849 hargrave 2019-05-31 10:59:06 
AF  60 257.4 -18.4 257.4 -18.4 2.63E-03 000.2 351.3 -18.4 0.600440 1.012881 0.621127 hargrave 2019-05-31 11:00:30 
AF  70 254.1 -27.4 254.1 -27.4 2.10E-03 000.2 348.0 -27.4 0.316411 0.458736 0.464610 hargrave 2019-05-31 11:01:50 
AF  80 249.3 -35.0 249.3 -35.0 1.72E-03 000.1 343.2 -35.0 0.224684 0.149174 0.346415 hargrave 2019-05-31 11:03:10 
AF  90 246.9 -42.8 246.9 -42.8 1.47E-03 000.1 340.8 -42.8 0.272934 0.245493 0.278166 hargrave 2019-05-31 11:04:31 
AF 100 241.5 -48.3 241.5 -48.3 1.32E-03 000.1 335.4 -48.3 0.306048 0.266280 0.223307 hargrave 2019-05-31 11:05:55 
AF 120 235.3 -57.0 235.3 -57.0 1.09E-03 000.3 329.2 -57.0 0.403297 0.347181 0.140295 hargrave 2019-05-31 11:07:17 
AF 140 235.1 -61.1 235.1 -61.1 8.73E-04 000.3 329.0 -61.1 0.378556 0.310930 0.131629 hargrave 2019-05-31 11:08:39 
AF 160 219.9 -67.8 219.9 -67.8 7.81E-04 000.3 313.8 -67.8 0.385335 0.313881 0.089086 hargrave 2019-05-31 11:10:01 
AF 180 208.1 -72.8 208.1 -72.8 6.58E-04 000.4 302.0 -72.8 0.321380 0.287636 0.088640 hargrave 2019-05-31 11:11:22 
AF 200 197.4 -71.1 197.4 -71.1 5.74E-04 000.4 291.3 -71.1 0.289815 0.211631 0.083027 hargrave 2019-05-31 11:12:43 
AF 220 179.0 -78.3 179.0 -78.3 4.93E-04 000.4 272.9 -78.3 0.276054 0.218950 0.055082 hargrave 2019-05-31 11:14:05 
AF 240 188.7 -74.1 188.7 -74.1 3.98E-04 000.4 282.6 -74.1 0.238893 0.189598 0.072109 hargrave 2019-05-31 11:15:27 
AF 260 206.9 -78.3 206.9 -78.3 3.69E-04 000.4 300.8 -78.3 0.177514 0.167590 0.070383 hargrave 2019-05-31 11:16:50 
AF 280 206.4 -76.0 206.4 -76.0 3.53E-04 000.5 300.3 -76.0 0.239210 0.168018 0.077784 hargrave 2019-05-31 11:18:11 
AF 300 239.9 -81.6 239.9 -81.6 2.98E-04 000.5 333.8 -81.6 0.217487 0.173816 0.045848 hargrave 2019-05-31 11:19:37 
AF 320 076.7 -85.8 076.7 -85.8 2.50E-04 000.6 170.6 -85.8 0.192147 0.178150 0.055882 hargrave 2019-05-31 11:21:01 
AF 340 070.4 -78.8 070.4 -78.8 2.65E-04 000.5 164.3 -78.8 0.174827 0.133053 0.057244 hargrave 2019-05-31 11:22:28 
AF 360 151.4 -88.9 151.4 -88.9 2.78E-04 000.8 245.3 -88.9 0.248522 0.271539 0.069265 hargrave 2019-05-31 11:23:56 
AF 380 139.7 -78.1 139.7 -78.1 3.27E-04 000.5 233.6 -78.1 0.203567 0.188415 0.048654 hargrave 2019-05-31 11:25:16 
AF 400 190.1 -72.0 190.1 -72.0 2.24E-04 000.6 284.0 -72.0 0.167255 0.177262 0.048807 hargrave 2019-05-31 11:26:40 
AF 420 054.4 -86.3 054.4 -86.3 3.11E-04 000.6 148.3 -86.3 0.262647 0.165584 0.077075 hargrave 2019-05-31 11:28:01 
AF 440 160.7 -82.4 160.7 -82.4 2.92E-04 000.6 254.6 -82.4 0.233822 0.214246 0.060723 hargrave 2019-05-31 11:29:23 
AF 460 354.3 -85.1 354.3 -85.1 2.37E-04 000.7 088.2 -85.1 0.201958 0.187295 0.058826 hargrave 2019-05-31 11:30:43 
AF 480 123.1 -79.8 123.1 -79.8 2.77E-04 000.5 217.0 -79.8 0.215823 0.142244 0.052683 hargrave 2019-05-31 11:32:04 
AF 500 140.8 -84.1 140.8 -84.1 2.81E-04 000.6 234.7 -84.1 0.243812 0.162457 0.076210 hargrave 2019-05-31 11:33:24 
AF 520 075.5 -85.1 075.5 -85.1 3.44E-04 000.6 169.4 -85.1 0.240414 0.232334 0.032316 hargrave 2019-05-31 11:34:44 
AF 540 218.1 -86.0 218.1 -86.0 3.11E-04 000.7 312.0 -86.0 0.305710 0.261320 0.058702 hargrave 2019-05-31 11:36:08 
AF 560 128.7 -82.4 128.7 -82.4 3.38E-04 000.6 222.6 -82.4 0.284963 0.255200 0.036730 hargrave 2019-05-31 11:37:29 
AF 580 043.2 -75.1 043.2 -75.1 3.47E-04 000.4 137.1 -75.1 0.179279 0.185033 0.054398 hargrave 2019-05-31 11:38:53 
AF 600 174.6 -74.3 174.6 -74.3 3.60E-04 000.5 268.5 -74.3 0.296211 0.204388 0.114183 hargrave 2019-05-31 11:40:13 
AF 620 164.0 -87.2 164.0 -87.2 3.94E-04 000.6 257.9 -87.2 0.288218 0.293455 0.092745 hargrave 2019-05-31 11:41:37 
AF 640 118.4 -82.3 118.4 -82.3 4.22E-04 000.6 212.3 -82.3 0.345548 0.258998 0.063023 hargrave 2019-05-31 11:43:01 
AF 660 083.2 -80.6 083.2 -80.6 4.49E-04 000.5 177.1 -80.6 0.277794 0.276104 0.063091 hargrave 2019-05-31 11:44:21 
AF 680 136.4 -84.6 136.4 -84.6 5.10E-04 000.5 230.3 -84.6 0.335252 0.343705 0.072441 hargrave 2019-05-31 11:45:45 
AF 700 138.5 -84.3 138.5 -84.3 4.82E-04 000.5 232.4 -84.3 0.284089 0.308117 0.066618 hargrave 2019-05-31 11:47:06 
AF 720 183.7 -84.8 183.7 -84.8 5.77E-04 000.5 277.6 -84.8 0.422587 0.359788 0.100386 hargrave 2019-05-31 11:48:34 
AF 740 120.5 -81.8 120.5 -81.8 6.55E-04 000.6 214.4 -81.8 0.476489 0.429428 0.067331 hargrave 2019-05-31 11:49:54 
AF 760 089.3 -87.8 089.3 -87.8 6.79E-04 000.6 183.2 -87.8 0.473014 0.473364 0.107165 hargrave 2019-05-31 11:51:14 
AF 780 077.6 -84.5 077.6 -84.5 7.84E-04 000.5 171.5 -84.5 0.527838 0.515094 0.101654 hargrave 2019-05-31 11:52:35 
AF 800 125.6 -85.7 125.6 -85.7 8.11E-04 000.5 219.5 -85.7 0.566576 0.512448 0.107524 hargrave 2019-05-31 11:53:59 
AF 850 222.5 -87.8 222.5 -87.8 1.05E-03 000.6 316.4 -87.8 0.742769 0.770654 0.136470 hargrave 2019-05-31 11:55:21 
AF 900 058.8 -87.6 058.8 -87.6 1.28E-03 000.6 152.7 -87.6 0.951253 0.891627 0.181183 hargrave 2019-05-31 11:56:41 
AF 950 088.3 -88.3 088.3 -88.3 1.56E-03 000.8 182.2 -88.3 1.217471 1.972627 0.201303 hargrave 2019-05-31 11:58:02 
AF1000 079.5 -89.2 079.5 -89.2 1.88E-03 000.6 173.4 -89.2 1.501609 1.438257 0.241176 hargrave 2019-05-31 11:59:26 
AF1050 090.0 -87.7 090.0 -87.7 2.17E-03 000.6 183.9 -87.7 1.715888 1.683940 0.259804 hargrave 2019-05-31 12:00:47 
AF1100 116.1 -88.5 116.1 -88.5 2.37E-03 000.6 210.0 -88.5 1.907022 1.855238 0.288030 hargrave 2019-05-31 12:02:08 
AF1150 182.6 -89.1 182.6 -89.1 2.53E-03 000.6 276.5 -89.1 1.990028 1.985364 0.315411 hargrave 2019-05-31 12:03:34 
AF1200 137.4 -88.2 137.4 -88.2 2.76E-03 000.6 231.3 -88.2 2.153036 2.225586 0.317028 hargrave 2019-05-31 12:04:56 
AF1250 103.4 -89.2 103.4 -89.2 3.05E-03 000.6 197.3 -89.2 2.445002 2.372780 0.324300 hargrave 2019-05-31 12:06:19 
AF1300 103.0 -89.2 103.0 -89.2 3.65E-03 000.6 196.9 -89.2 2.927594 2.899021 0.422915 hargrave 2019-05-31 12:07:50 
