SL- 9a mag compass orientation (IGRF corrected)
  625.3  -3.9   0.0   0.0   0.0   0.0
NRM    269.3  06.1 269.3  06.1 1.78E-02 000.6 003.2  06.1 9.316546 16.03200 8.362022 hargrave 2019-05-31 00:05:47 
AF  10 264.3  03.6 264.3  03.6 1.74E-02 000.6 358.2  03.6 8.216075 16.53686 8.455071 hargrave 2019-05-31 00:07:12 
AF  20 259.6  00.5 259.6  00.5 1.50E-02 000.6 353.5  00.5 6.944046 13.67867 7.470205 hargrave 2019-05-31 00:08:32 
AF  30 257.1 -03.4 257.1 -03.4 1.19E-02 000.5 351.0 -03.4 5.255755 9.678136 5.934508 hargrave 2019-05-31 00:09:56 
AF  40 255.0 -10.2 255.0 -10.2 8.46E-03 000.5 348.9 -10.2 3.152505 7.234372 4.123983 hargrave 2019-05-31 00:12:59 
AF  50 253.6 -17.3 253.6 -17.3 6.39E-03 000.4 347.5 -17.3 1.722164 4.287041 3.020041 hargrave 2019-05-31 00:14:20 
AF  60 252.3 -26.0 252.3 -26.0 4.70E-03 000.4 346.2 -26.0 0.906103 2.497770 2.109143 hargrave 2019-05-31 00:15:40 
AF  70 252.4 -34.8 252.4 -34.8 3.66E-03 000.3 346.3 -34.8 0.637870 1.501936 1.514887 hargrave 2019-05-31 00:17:01 
AF  80 253.3 -44.2 253.3 -44.2 2.93E-03 000.3 347.2 -44.2 0.692982 0.851216 1.114181 hargrave 2019-05-31 00:18:21 
AF  90 253.8 -52.3 253.8 -52.3 2.45E-03 000.3 347.7 -52.3 0.777427 0.616306 0.851249 hargrave 2019-05-31 00:19:42 
AF 100 256.5 -59.6 256.5 -59.6 2.12E-03 000.3 350.4 -59.6 0.769992 0.535601 0.656513 hargrave 2019-05-31 00:21:02 
AF 120 264.0 -66.8 264.0 -66.8 1.76E-03 000.3 357.9 -66.8 0.795122 0.540058 0.492301 hargrave 2019-05-31 00:22:23 
AF 140 271.1 -71.9 271.1 -71.9 1.50E-03 000.4 005.0 -71.9 0.772698 0.567749 0.387232 hargrave 2019-05-31 00:23:43 
AF 160 286.1 -74.4 286.1 -74.4 1.29E-03 000.4 020.0 -74.4 0.691989 0.547636 0.345966 hargrave 2019-05-31 00:25:05 
AF 180 290.1 -75.5 290.1 -75.5 1.10E-03 000.4 024.0 -75.5 0.582432 0.481547 0.300273 hargrave 2019-05-31 00:26:28 
AF 200 296.4 -76.6 296.4 -76.6 9.76E-04 000.5 030.3 -76.6 0.510801 0.523445 0.275381 hargrave 2019-05-31 00:27:54 
AF 220 296.5 -75.4 296.5 -75.4 8.63E-04 000.5 030.4 -75.4 0.474164 0.439020 0.290951 hargrave 2019-05-31 00:29:15 
AF 240 284.3 -77.9 284.3 -77.9 7.67E-04 000.4 018.2 -77.9 0.402853 0.400743 0.260034 hargrave 2019-05-31 00:30:36 
AF 260 303.8 -73.7 303.8 -73.7 6.65E-04 000.5 037.7 -73.7 0.326188 0.357844 0.235956 hargrave 2019-05-31 00:31:57 
AF 280 299.8 -74.8 299.8 -74.8 6.04E-04 000.5 033.7 -74.8 0.294354 0.337304 0.226537 hargrave 2019-05-31 00:33:18 
AF 300 300.1 -76.5 300.1 -76.5 5.68E-04 000.5 034.0 -76.5 0.313024 0.325457 0.218661 hargrave 2019-05-31 00:34:38 
AF 320 284.7 -75.6 284.7 -75.6 5.41E-04 000.5 018.6 -75.6 0.279122 0.360963 0.216720 hargrave 2019-05-31 00:35:59 
AF 340 301.3 -73.7 301.3 -73.7 5.36E-04 000.5 035.2 -73.7 0.276339 0.305238 0.214372 hargrave 2019-05-31 00:37:19 
AF 360 288.9 -71.1 288.9 -71.1 4.85E-04 000.5 022.8 -71.1 0.276657 0.284221 0.199566 hargrave 2019-05-31 00:38:40 
AF 380 296.8 -76.9 296.8 -76.9 4.50E-04 000.5 030.7 -76.9 0.253310 0.307090 0.186838 hargrave 2019-05-31 00:40:02 
AF 400 280.6 -74.8 280.6 -74.8 4.52E-04 000.5 014.5 -74.8 0.258553 0.226785 0.211493 hargrave 2019-05-31 00:41:22 
AF 420 285.3 -76.9 285.3 -76.9 4.42E-04 000.5 019.2 -76.9 0.233449 0.273071 0.209380 hargrave 2019-05-31 00:42:43 
AF 440 283.1 -77.7 283.1 -77.7 4.32E-04 000.6 017.0 -77.7 0.268996 0.298174 0.188214 hargrave 2019-05-31 00:44:07 
AF 460 250.5 -81.0 250.5 -81.0 4.52E-04 000.5 344.4 -81.0 0.319262 0.233458 0.180654 hargrave 2019-05-31 00:45:28 
AF 480 308.2 -73.3 308.2 -73.3 4.38E-04 000.5 042.1 -73.3 0.243149 0.277070 0.154725 hargrave 2019-05-31 00:46:52 
AF 500 287.9 -74.3 287.9 -74.3 4.46E-04 000.6 021.8 -74.3 0.302252 0.342818 0.189637 hargrave 2019-05-31 00:48:13 
AF 520 281.6 -79.7 281.6 -79.7 4.08E-04 000.6 015.5 -79.7 0.294463 0.339238 0.185854 hargrave 2019-05-31 00:49:33 
AF 540 302.2 -80.9 302.2 -80.9 4.86E-04 000.5 036.1 -80.9 0.246936 0.285728 0.208172 hargrave 2019-05-31 00:50:54 
AF 560 269.0 -80.6 269.0 -80.6 4.39E-04 000.5 002.9 -80.6 0.252760 0.234855 0.191613 hargrave 2019-05-31 00:52:16 
AF 580 318.6 -78.7 318.6 -78.7 4.66E-04 000.5 052.5 -78.7 0.259483 0.301815 0.150825 hargrave 2019-05-31 00:53:36 
AF 600 336.2 -81.2 336.2 -81.2 4.93E-04 000.4 070.1 -81.2 0.231045 0.282726 0.168572 hargrave 2019-05-31 00:54:57 
AF 620 317.1 -82.6 317.1 -82.6 5.61E-04 000.5 051.0 -82.6 0.339279 0.370941 0.178173 hargrave 2019-05-31 00:56:17 
AF 640 258.8 -81.8 258.8 -81.8 5.33E-04 000.5 352.7 -81.8 0.335451 0.306357 0.219565 hargrave 2019-05-31 00:57:38 
AF 660 303.7 -81.5 303.7 -81.5 5.90E-04 000.5 037.6 -81.5 0.366715 0.324688 0.212889 hargrave 2019-05-31 00:58:58 
AF 680 291.2 -83.6 291.2 -83.6 6.20E-04 000.6 025.1 -83.6 0.406597 0.418408 0.217919 hargrave 2019-05-31 01:00:19 
AF 700 293.4 -77.3 293.4 -77.3 6.24E-04 000.5 027.3 -77.3 0.393917 0.367492 0.245592 hargrave 2019-05-31 01:01:39 
AF 720 298.1 -79.5 298.1 -79.5 7.20E-04 000.5 032.0 -79.5 0.473553 0.461194 0.256520 hargrave 2019-05-31 01:03:03 
AF 740 311.9 -81.0 311.9 -81.0 7.42E-04 000.5 045.8 -81.0 0.474794 0.466030 0.242328 hargrave 2019-05-31 01:04:31 
AF 760 303.8 -87.5 303.8 -87.5 7.78E-04 000.5 037.7 -87.5 0.483511 0.436396 0.205577 hargrave 2019-05-31 01:05:52 
AF 780 290.7 -84.4 290.7 -84.4 8.56E-04 000.6 024.6 -84.4 0.594875 0.554156 0.264866 hargrave 2019-05-31 01:07:13 
AF 800 289.7 -82.3 289.7 -82.3 9.07E-04 000.5 023.6 -82.3 0.582636 0.542885 0.306577 hargrave 2019-05-31 01:08:33 
AF 850 296.8 -83.4 296.8 -83.4 1.16E-03 000.5 030.7 -83.4 0.729930 0.665204 0.347118 hargrave 2019-05-31 01:09:54 
AF 900 280.2 -84.9 280.2 -84.9 1.40E-03 000.5 014.1 -84.9 0.976307 0.862007 0.402543 hargrave 2019-05-31 01:11:15 
AF 950 284.2 -86.0 284.2 -86.0 1.67E-03 000.5 018.1 -86.0 1.115387 1.067237 0.490894 hargrave 2019-05-31 01:12:36 
AF1000 298.0 -87.3 298.0 -87.3 2.05E-03 000.6 031.9 -87.3 1.454584 1.303325 0.541786 hargrave 2019-05-31 01:14:00 
AF1050 294.3 -86.4 294.3 -86.4 2.32E-03 000.5 028.2 -86.4 1.572503 1.476472 0.619063 hargrave 2019-05-31 01:15:25 
AF1100 290.8 -85.8 290.8 -85.8 2.58E-03 000.5 024.7 -85.8 1.786646 1.624560 0.698603 hargrave 2019-05-31 01:16:47 
AF1150 300.1 -87.6 300.1 -87.6 2.77E-03 000.6 034.0 -87.6 1.964270 1.878936 0.719062 hargrave 2019-05-31 01:18:09 
AF1200 312.6 -87.7 312.6 -87.7 2.95E-03 000.6 046.5 -87.7 2.110620 2.003537 0.780661 hargrave 2019-05-31 01:19:31 
AF1250 297.0 -87.7 297.0 -87.7 3.34E-03 000.6 030.9 -87.7 2.405056 2.256940 0.820814 hargrave 2019-05-31 01:20:54 
AF1300 318.0 -87.6 318.0 -87.6 4.04E-03 000.6 051.9 -87.6 2.894190 2.788506 1.023425 hargrave 2019-05-31 01:22:24 
NRM    318.9 -87.6 318.9 -87.6 4.03E-03 000.5 052.8 -87.6 2.770718 2.616791 0.671629 hargrave 2019-05-31 09:51:18 
AF  10 320.8 -87.6 320.8 -87.6 3.98E-03 000.5 054.7 -87.6 2.784276 2.578821 0.642930 hargrave 2019-05-31 09:52:38 
AF  20 321.5 -87.6 321.5 -87.6 3.92E-03 000.5 055.4 -87.6 2.744553 2.486256 0.666976 hargrave 2019-05-31 09:53:58 
AF  30 323.1 -87.5 323.1 -87.5 3.83E-03 000.6 057.0 -87.5 2.739182 2.446087 0.752402 hargrave 2019-05-31 09:55:19 
AF  40 324.0 -87.4 324.0 -87.4 3.69E-03 000.6 057.9 -87.4 2.669070 2.331390 0.761650 hargrave 2019-05-31 09:56:39 
AF  50 320.5 -87.0 320.5 -87.0 3.53E-03 000.5 054.4 -87.0 2.514485 2.240408 0.716139 hargrave 2019-05-31 09:58:00 
AF  60 327.4 -87.0 327.4 -87.0 3.35E-03 000.5 061.3 -87.0 2.384152 2.094639 0.661962 hargrave 2019-05-31 09:59:20 
AF  70 322.0 -87.1 322.0 -87.1 3.14E-03 000.5 055.9 -87.1 2.160829 1.951958 0.644634 hargrave 2019-05-31 10:00:44 
AF  80 330.1 -86.9 330.1 -86.9 2.94E-03 000.5 064.0 -86.9 2.068485 1.838112 0.556576 hargrave 2019-05-31 10:02:09 
AF  90 338.8 -86.7 338.8 -86.7 2.70E-03 000.5 072.7 -86.7 1.838179 1.675442 0.526028 hargrave 2019-05-31 10:03:36 
AF 100 339.5 -86.7 339.5 -86.7 2.51E-03 000.5 073.4 -86.7 1.780332 1.569887 0.498416 hargrave 2019-05-31 10:05:00 
AF 120 337.2 -86.2 337.2 -86.2 2.16E-03 000.5 071.1 -86.2 1.519869 1.367632 0.417249 hargrave 2019-05-31 10:06:20 
AF 140 313.7 -85.2 313.7 -85.2 1.83E-03 000.5 047.6 -85.2 1.298554 1.092634 0.418573 hargrave 2019-05-31 10:07:41 
AF 160 326.6 -85.9 326.6 -85.9 1.55E-03 000.5 060.5 -85.9 1.060599 0.947475 0.391272 hargrave 2019-05-31 10:09:05 
AF 180 320.3 -83.8 320.3 -83.8 1.33E-03 000.5 054.2 -83.8 0.873027 0.805989 0.336847 hargrave 2019-05-31 10:10:26 
AF 200 328.6 -85.0 328.6 -85.0 1.16E-03 000.5 062.5 -85.0 0.750862 0.710851 0.261325 hargrave 2019-05-31 10:11:47 
AF 220 341.1 -83.4 341.1 -83.4 9.81E-04 000.5 075.0 -83.4 0.603099 0.575231 0.233283 hargrave 2019-05-31 10:13:11 
AF 240 325.1 -82.7 325.1 -82.7 8.65E-04 000.5 059.0 -82.7 0.543162 0.519713 0.226525 hargrave 2019-05-31 10:14:31 
AF 260 291.2 -82.2 291.2 -82.2 7.40E-04 000.5 025.1 -82.2 0.452793 0.423152 0.207800 hargrave 2019-05-31 10:15:55 
AF 280 326.3 -85.9 326.3 -85.9 6.24E-04 000.5 060.2 -85.9 0.361340 0.395184 0.200374 hargrave 2019-05-31 10:17:19 
AF 300 327.3 -83.0 327.3 -83.0 5.54E-04 000.5 061.2 -83.0 0.329761 0.359698 0.183797 hargrave 2019-05-31 10:18:43 
AF 320 273.8 -79.2 273.8 -79.2 5.30E-04 000.5 007.7 -79.2 0.337638 0.291821 0.189923 hargrave 2019-05-31 10:20:07 
AF 340 308.8 -82.3 308.8 -82.3 4.42E-04 000.4 042.7 -82.3 0.215851 0.233063 0.156469 hargrave 2019-05-31 10:21:31 
AF 360 266.4 -83.1 266.4 -83.1 3.94E-04 000.6 000.3 -83.1 0.293352 0.300442 0.140257 hargrave 2019-05-31 10:22:51 
AF 380 269.8 -81.3 269.8 -81.3 3.59E-04 000.6 003.7 -81.3 0.235865 0.290134 0.134772 hargrave 2019-05-31 10:24:12 
AF 400 326.0 -73.2 326.0 -73.2 3.03E-04 000.7 059.9 -73.2 0.272896 0.271775 0.130903 hargrave 2019-05-31 10:25:39 
AF 420 270.6 -76.6 270.6 -76.6 3.10E-04 000.6 004.5 -76.6 0.244234 0.243339 0.136321 hargrave 2019-05-31 10:27:00 
AF 440 234.6 -83.1 234.6 -83.1 2.74E-04 000.7 328.5 -83.1 0.229723 0.251613 0.119219 hargrave 2019-05-31 10:28:20 
AF 460 295.5 -80.2 295.5 -80.2 2.79E-04 000.7 029.4 -80.2 0.237703 0.271275 0.109735 hargrave 2019-05-31 10:29:41 
AF 480 337.2 -76.0 337.2 -76.0 2.87E-04 000.6 071.1 -76.0 0.193323 0.235222 0.116816 hargrave 2019-05-31 10:31:01 
AF 500 314.4 -79.1 314.4 -79.1 2.62E-04 000.8 048.3 -79.1 0.211300 0.288227 0.120218 hargrave 2019-05-31 10:32:25 
AF 520 288.6 -73.6 288.6 -73.6 2.96E-04 000.7 022.5 -73.6 0.211608 0.290109 0.153112 hargrave 2019-05-31 10:34:39 
AF 540 259.3 -71.8 259.3 -71.8 2.95E-04 000.7 353.2 -71.8 0.271378 0.229002 0.148096 hargrave 2019-05-31 10:36:03 
AF 560 243.7 -78.6 243.7 -78.6 3.03E-04 000.6 337.6 -78.6 0.236037 0.240367 0.120066 hargrave 2019-05-31 10:37:24 
AF 580 302.3 -80.2 302.3 -80.2 3.37E-04 000.7 036.2 -80.2 0.275925 0.297421 0.134140 hargrave 2019-05-31 10:38:45 
