D6A- 1025a unoriented drill core
   1025  90.0  90.0  90.0   0.0  29.9
NRM    018.7  69.4 018.7  69.4 9.04E-04 000.4 173.1  19.4 11.50380 9.260813 20.93838 hargrave 2026-07-22 18:14:08 
AF  10 018.7  66.1 018.7  66.1 8.54E-04 000.4 171.9  22.5 10.66128 7.866548 19.43176 hargrave 2026-07-22 18:15:54 
AF  20 019.4  59.7 019.4  59.7 7.26E-04 000.4 169.0  28.4 10.11373 9.246156 15.60261 hargrave 2026-07-22 18:17:40 
AF  30 019.6  51.2 019.6  51.2 6.05E-04 000.4 164.9  36.2 9.679794 8.811295 12.64524 hargrave 2026-07-22 18:21:29 
AF  40 019.7  41.2 019.7  41.2 5.12E-04 000.4 159.0  45.1 9.266103 9.376548 9.949234 hargrave 2026-07-22 18:25:06 
AF  50 020.0  36.0 020.0  36.0 4.72E-04 000.4 154.8  49.5 8.820070 9.967142 8.815097 hargrave 2026-07-22 18:28:43 
AF  75 020.5  30.5 020.5  30.5 4.18E-04 000.4 149.3  53.8 8.590456 9.622566 7.595348 hargrave 2026-07-22 18:32:21 
AF 100 021.0  29.2 021.0  29.2 3.88E-04 000.5 147.3  54.6 8.630406 9.785394 7.177803 hargrave 2026-07-22 18:35:59 
AF 125 021.8  28.9 021.8  28.9 3.67E-04 000.5 146.2  54.4 8.573598 9.616753 6.956393 hargrave 2026-07-22 18:39:47 
AF 150 022.2  28.7 022.2  28.7 3.51E-04 000.5 145.4  54.3 8.550718 9.530679 6.782731 hargrave 2026-07-22 18:43:13 
AF 175 022.8  28.6 022.8  28.6 3.38E-04 000.5 144.5  54.0 8.486880 9.231797 6.713709 hargrave 2026-07-22 18:47:08 
AF 200 023.3  27.8 023.3  27.8 3.24E-04 000.6 143.1  54.4 8.545134 9.213246 6.531306 hargrave 2026-07-22 18:51:07 
AF 225 023.1  27.6 023.1  27.6 3.12E-04 000.6 143.2  54.6 8.347028 9.047895 6.440069 hargrave 2026-07-22 18:54:44 
AF 250 023.4  27.1 023.4  27.1 3.02E-04 000.6 142.2  54.7 8.290542 8.849156 6.209381 hargrave 2026-07-22 18:58:33 
AF 275 024.2  26.9 024.2  26.9 2.93E-04 000.6 141.1  54.4 8.194202 8.954746 6.297327 hargrave 2026-07-22 19:01:59 
AF 300 024.4  26.6 024.4  26.6 2.85E-04 000.6 140.5  54.5 8.067084 8.832123 6.121236 hargrave 2026-07-22 19:05:36 
AF 350 024.6  26.0 024.6  26.0 2.72E-04 000.6 139.5  54.8 7.909800 8.516893 5.953569 hargrave 2026-07-22 19:09:19 
AF 400 025.0  25.9 025.0  25.9 2.61E-04 000.6 139.1  54.6 7.723662 8.094691 5.745196 hargrave 2026-07-22 19:12:45 
AF 450 025.3  25.8 025.3  25.8 2.51E-04 000.6 138.6  54.5 7.121716 7.858195 5.543124 hargrave 2026-07-22 19:16:44 
AF 500 025.3  25.7 025.3  25.7 2.41E-04 000.6 138.4  54.6 7.227104 7.743691 5.349680 hargrave 2026-07-22 19:19:15 
AF 550 025.9  25.5 025.9  25.5 2.33E-04 000.6 137.5  54.3 7.066754 7.394107 5.024814 hargrave 2026-07-22 19:21:01 
AF 600 026.4  25.4 026.4  25.4 2.26E-04 000.6 136.9  54.0 6.783747 7.200847 5.080180 hargrave 2026-07-22 19:23:32 
AF 650 026.2  25.1 026.2  25.1 2.16E-04 000.6 136.7  54.3 6.464652 6.913637 4.889737 hargrave 2026-07-22 19:25:06 
AF 700 026.1  25.6 026.1  25.6 2.10E-04 000.6 137.5  54.1 6.434223 6.571234 4.720390 hargrave 2026-07-22 19:27:37 
AF 750 025.4  25.5 025.4  25.5 2.02E-04 000.6 138.0  54.6 6.151741 6.358521 4.633428 hargrave 2026-07-22 19:29:12 
AF 800 026.9  25.3 026.9  25.3 1.93E-04 000.6 136.3  53.8 5.892548 6.115884 4.449471 hargrave 2026-07-22 19:30:47 
AF 850 026.4  25.6 026.4  25.6 1.85E-04 000.6 137.2  53.9 5.569603 5.814226 4.270535 hargrave 2026-07-22 19:32:22 
AF 900 026.6  25.4 026.6  25.4 1.77E-04 000.6 136.7  53.9 5.668714 5.581058 4.132841 hargrave 2026-07-22 19:34:09 
AF 950 026.1  25.6 026.1  25.6 1.68E-04 000.6 137.5  54.1 5.262308 5.328372 3.930529 hargrave 2026-07-22 19:35:44 
AF1000 027.9  26.1 027.9  26.1 1.60E-04 000.6 136.4  52.5 4.987041 5.073825 3.824305 hargrave 2026-07-22 19:37:20 
AF1050 026.8  25.3 026.8  25.3 1.51E-04 000.6 136.4  53.8 4.240761 4.824847 3.613788 hargrave 2026-07-22 19:38:56 
AF1100 025.9  25.7 025.9  25.7 1.41E-04 000.6 137.7  54.2 4.460617 4.486091 3.361178 hargrave 2026-07-22 19:40:32 
AF1150 027.3  25.7 027.3  25.7 1.33E-04 000.6 136.4  53.2 4.190607 4.267934 3.191558 hargrave 2026-07-22 19:42:08 
AF1200 026.4  26.3 026.4  26.3 1.21E-04 000.6 138.0  53.5 3.934866 3.816579 2.990109 hargrave 2026-07-22 19:43:46 
AF1250 026.4  26.4 026.4  26.4 1.11E-04 000.6 138.2  53.4 3.643636 3.545427 2.648112 hargrave 2026-07-22 19:45:23 
AF1300 027.6  26.7 027.6  26.7 1.03E-04 000.6 137.4  52.4 3.399210 3.266425 2.502911 hargrave 2026-07-22 19:47:00 
