D6A- 594a unoriented drill core
    594  90.0  90.0  90.0   0.0  30.5
NRM    280.7  60.3 280.7  60.3 8.16E-04 000.4 209.3  05.3 17.02619 9.259312 17.13907 hargrave 2026-07-25 10:46:20 
AF  10 276.1  61.0 276.1  61.0 7.80E-04 000.5 208.8  03.0 16.54406 11.21100 15.42597 hargrave 2026-07-25 10:47:55 
AF  20 269.1  58.1 269.1  58.1 6.65E-04 000.5 211.9 -00.5 13.82010 10.14489 12.62491 hargrave 2026-07-25 10:49:30 
AF  30 267.4  52.8 267.4  52.8 5.44E-04 000.4 217.2 -01.6 10.59331 8.152077 9.936349 hargrave 2026-07-25 10:52:57 
AF  40 268.5  46.9 268.5  46.9 4.54E-04 000.4 223.1 -01.0 7.508651 6.830651 7.993144 hargrave 2026-07-25 10:56:23 
AF  50 269.2  43.5 269.2  43.5 4.11E-04 000.4 226.5 -00.6 5.992105 6.159290 6.992329 hargrave 2026-07-25 10:59:50 
AF  75 270.0  38.8 270.0  38.8 3.53E-04 000.3 231.2 -00.0 4.342228 4.846815 5.692386 hargrave 2026-07-25 11:03:17 
AF 100 270.0  37.4 270.0  37.4 3.23E-04 000.3 232.6 -00.0 3.510881 4.159040 4.985375 hargrave 2026-07-25 11:06:43 
AF 125 269.7  36.9 269.7  36.9 3.03E-04 000.3 233.1 -00.3 3.242298 3.478978 4.575471 hargrave 2026-07-25 11:10:10 
AF 150 269.6  37.0 269.6  37.0 2.90E-04 000.3 233.0 -00.4 2.864282 3.121510 4.287093 hargrave 2026-07-25 11:13:36 
AF 175 269.2  37.4 269.2  37.4 2.76E-04 000.3 232.6 -00.6 2.820240 2.600535 4.113266 hargrave 2026-07-25 11:17:03 
AF 200 269.3  37.6 269.3  37.6 2.66E-04 000.3 232.4 -00.6 2.494033 2.293283 3.826317 hargrave 2026-07-25 11:20:30 
AF 225 269.5  38.0 269.5  38.0 2.57E-04 000.3 232.0 -00.4 2.465478 2.021864 3.672258 hargrave 2026-07-25 11:23:56 
AF 250 269.3  38.4 269.3  38.4 2.51E-04 000.3 231.6 -00.5 2.296152 1.923333 3.435998 hargrave 2026-07-25 11:27:23 
AF 275 269.0  38.7 269.0  38.7 2.43E-04 000.3 231.3 -00.8 2.211252 1.801424 3.301988 hargrave 2026-07-25 11:30:50 
AF 300 269.8  39.1 269.8  39.1 2.37E-04 000.3 230.9 -00.2 2.199866 1.689314 3.330767 hargrave 2026-07-25 11:34:16 
AF 350 269.9  39.6 269.9  39.6 2.26E-04 000.3 230.4 -00.1 1.982013 1.596763 3.091672 hargrave 2026-07-25 11:37:42 
AF 400 270.1  40.1 270.1  40.1 2.18E-04 000.3 229.9  00.1 1.970606 1.515862 3.016422 hargrave 2026-07-25 11:41:09 
AF 450 270.1  40.0 270.1  40.0 2.08E-04 000.3 230.0  00.1 1.847785 1.420159 2.872825 hargrave 2026-07-25 11:44:35 
AF 500 269.7  40.5 269.7  40.5 2.01E-04 000.3 229.5 -00.2 1.782948 1.412510 2.714185 hargrave 2026-07-25 11:48:02 
AF 550 269.5  40.7 269.5  40.7 1.94E-04 000.3 229.3 -00.4 1.762896 1.308207 2.677634 hargrave 2026-07-25 11:51:29 
AF 600 270.4  40.7 270.4  40.7 1.86E-04 000.3 229.3  00.3 1.691116 1.279411 2.598624 hargrave 2026-07-25 11:54:56 
AF 650 269.7  41.4 269.7  41.4 1.79E-04 000.3 228.6 -00.2 1.669305 1.215803 2.535057 hargrave 2026-07-25 11:58:22 
AF 700 270.5  41.6 270.5  41.6 1.71E-04 000.3 228.4  00.4 1.612044 1.072558 2.449182 hargrave 2026-07-25 12:01:49 
AF 750 270.3  41.7 270.3  41.7 1.63E-04 000.3 228.3  00.2 1.537385 1.050572 2.250406 hargrave 2026-07-25 12:05:16 
AF 800 270.9  41.4 270.9  41.4 1.57E-04 000.3 228.6  00.7 1.437210 1.034391 2.269641 hargrave 2026-07-25 12:08:42 
AF 850 271.3  41.6 271.3  41.6 1.47E-04 000.3 228.4  01.0 1.387861 0.898785 2.102514 hargrave 2026-07-25 12:12:09 
AF 900 271.1  41.9 271.1  41.9 1.41E-04 000.3 228.1  00.8 1.386558 0.906476 2.040388 hargrave 2026-07-25 12:15:36 
AF 950 271.5  41.8 271.5  41.8 1.33E-04 000.3 228.2  01.1 1.247978 0.817684 1.963272 hargrave 2026-07-25 12:19:03 
AF1000 271.1  42.0 271.1  42.0 1.26E-04 000.3 228.0  00.8 1.097955 1.263708 1.910797 hargrave 2026-07-25 12:22:31 
AF1050 271.4  42.6 271.4  42.6 1.17E-04 000.3 227.4  01.1 1.206776 0.778805 1.790825 hargrave 2026-07-25 12:25:58 
AF1100 272.9  43.1 272.9  43.1 1.09E-04 000.3 226.9  02.1 1.073729 0.769477 1.725256 hargrave 2026-07-25 12:29:26 
AF1150 272.3  42.6 272.3  42.6 1.03E-04 000.3 227.3  01.7 1.045468 0.654636 1.510692 hargrave 2026-07-25 12:32:54 
AF1200 273.2  42.9 273.2  42.9 9.57E-05 000.3 227.0  02.3 0.860792 0.703941 1.544536 hargrave 2026-07-25 12:36:22 
AF1250 273.5  42.3 273.5  42.3 8.96E-05 000.3 227.6  02.6 0.902253 0.606331 1.416722 hargrave 2026-07-25 12:39:51 
AF1300 273.1  43.5 273.1  43.5 8.32E-05 000.3 226.4  02.2 0.886265 0.517742 1.288450 hargrave 2026-07-25 12:43:19 
