D6A- 515a unoriented drill core
    515  90.0  90.0  90.0   0.0  30.6
NRM    350.9  42.0 350.9  42.0 6.24E-04 000.6 189.9  47.2 8.949245 15.55637 8.223123 hargrave 2026-07-25 08:44:00 
AF  10 350.3  41.5 350.3  41.5 6.08E-04 000.5 190.8  47.6 8.560899 13.75054 7.789960 hargrave 2026-07-25 08:47:26 
AF  20 349.6  38.3 349.6  38.3 5.71E-04 000.5 192.9  50.5 8.337741 13.27069 6.866410 hargrave 2026-07-25 08:50:51 
AF  30 349.0  34.1 349.0  34.1 5.33E-04 000.6 195.8  54.3 8.179741 13.03693 5.877007 hargrave 2026-07-25 08:54:16 
AF  40 348.5  29.8 348.5  29.8 5.02E-04 000.6 199.2  58.2 8.508540 12.42752 4.988741 hargrave 2026-07-25 08:57:42 
AF  50 348.2  27.2 348.2  27.2 4.83E-04 000.6 201.7  60.6 8.556716 12.10528 4.303721 hargrave 2026-07-25 09:01:07 
AF  75 347.8  22.5 347.8  22.5 4.44E-04 000.6 207.0  64.5 8.458380 11.38285 3.311872 hargrave 2026-07-25 09:04:33 
AF 100 347.5  20.2 347.5  20.2 4.14E-04 000.6 210.4  66.4 8.229230 10.62929 2.667739 hargrave 2026-07-25 09:07:59 
AF 125 347.7  19.4 347.7  19.4 3.86E-04 000.7 211.2  67.1 8.966661 10.76743 2.230253 hargrave 2026-07-25 09:11:26 
AF 150 347.7  19.3 347.7  19.3 3.60E-04 000.6 211.4  67.2 7.448601 9.369623 2.010375 hargrave 2026-07-25 09:14:53 
AF 175 347.9  19.3 347.9  19.3 3.36E-04 000.6 210.8  67.3 6.990683 8.790777 1.900826 hargrave 2026-07-25 09:18:19 
AF 200 348.0  19.6 348.0  19.6 3.15E-04 000.6 210.4  67.1 6.472467 8.175767 1.767636 hargrave 2026-07-25 09:21:46 
AF 225 348.6  19.5 348.6  19.5 2.95E-04 000.6 209.1  67.5 6.067030 7.710560 1.561648 hargrave 2026-07-25 09:25:13 
AF 250 348.6  19.8 348.6  19.8 2.77E-04 000.6 208.7  67.2 5.661573 7.314108 1.496851 hargrave 2026-07-25 09:28:39 
AF 275 348.8  19.9 348.8  19.9 2.62E-04 000.6 208.2  67.3 5.286657 6.914296 1.390475 hargrave 2026-07-25 09:32:06 
AF 300 349.1  20.2 349.1  20.2 2.49E-04 000.6 207.1  67.1 5.075300 6.571284 1.246396 hargrave 2026-07-25 09:35:33 
AF 350 349.1  20.9 349.1  20.9 2.30E-04 000.6 206.4  66.6 4.680962 6.080667 1.134280 hargrave 2026-07-25 09:39:00 
AF 400 348.6  20.7 348.6  20.7 2.14E-04 000.6 207.5  66.5 4.295447 5.653766 1.091450 hargrave 2026-07-25 09:42:27 
AF 450 349.0  21.5 349.0  21.5 2.03E-04 000.6 205.9  65.9 4.026925 5.368264 0.969586 hargrave 2026-07-25 09:45:55 
AF 500 348.8  21.5 348.8  21.5 1.93E-04 000.6 206.3  65.9 3.859800 5.092507 0.892879 hargrave 2026-07-25 09:49:22 
AF 550 349.1  21.8 349.1  21.8 1.87E-04 000.6 205.3  65.7 3.697297 4.876731 0.907773 hargrave 2026-07-25 09:52:49 
AF 600 349.1  22.0 349.1  22.0 1.79E-04 000.6 205.2  65.5 3.609127 4.769926 0.921780 hargrave 2026-07-25 09:56:16 
AF 650 349.4  21.9 349.4  21.9 1.73E-04 000.6 204.5  65.8 3.457797 4.571556 0.813424 hargrave 2026-07-25 09:59:43 
AF 700 348.6  22.0 348.6  22.0 1.66E-04 000.6 206.0  65.3 3.322757 4.324340 0.791653 hargrave 2026-07-25 10:03:10 
AF 750 348.5  22.4 348.5  22.4 1.61E-04 000.6 205.8  65.0 3.287556 4.313125 0.769448 hargrave 2026-07-25 10:06:36 
AF 800 349.1  22.4 349.1  22.4 1.55E-04 000.6 204.7  65.3 3.154777 4.201550 0.705548 hargrave 2026-07-25 10:10:03 
AF 850 349.1  22.7 349.1  22.7 1.49E-04 000.6 204.3  65.0 3.118167 4.132174 0.727069 hargrave 2026-07-25 10:13:30 
AF 900 349.2  22.7 349.2  22.7 1.42E-04 000.6 204.1  65.0 2.916701 3.874488 0.676816 hargrave 2026-07-25 10:16:57 
AF 950 347.8  22.7 347.8  22.7 1.37E-04 000.6 206.8  64.4 2.930610 3.852805 0.611952 hargrave 2026-07-25 10:20:25 
AF1000 348.7  23.1 348.7  23.1 1.30E-04 000.7 204.6  64.4 2.815077 3.780471 0.667528 hargrave 2026-07-25 10:23:52 
AF1050 349.3  23.3 349.3  23.3 1.24E-04 000.6 203.2  64.5 2.599625 3.390599 0.674818 hargrave 2026-07-25 10:27:20 
AF1100 348.1  23.2 348.1  23.2 1.18E-04 000.6 205.7  64.1 2.532772 3.275861 0.592282 hargrave 2026-07-25 10:30:48 
AF1150 348.9  24.0 348.9  24.0 1.10E-04 000.6 203.3  63.7 2.338966 3.077220 0.536552 hargrave 2026-07-25 10:34:16 
AF1200 349.3  24.0 349.3  24.0 1.04E-04 000.6 202.6  63.8 2.168452 2.950943 0.557883 hargrave 2026-07-25 10:37:44 
AF1250 349.0  24.6 349.0  24.6 9.73E-05 000.6 202.6  63.2 2.069176 2.763796 0.520904 hargrave 2026-07-25 10:41:12 
AF1300 349.3  25.7 349.3  25.7 9.03E-05 000.7 201.1  62.3 1.953665 2.626631 0.478178 hargrave 2026-07-25 10:44:41 
