D6A- 1286a unoriented drill core
   1286  90.0  90.0  90.0   0.0  31.0
NRM    358.2  56.7 358.2  56.7 6.15E-04 000.5 181.2  33.3 13.75946 15.54724 8.113734 hargrave 2026-07-22 15:15:17 
AF  10 359.5  55.0 359.5  55.0 5.83E-04 000.5 180.4  35.0 12.25960 13.80416 7.700103 hargrave 2026-07-22 15:18:45 
AF  20 359.7  50.4 359.7  50.4 5.11E-04 000.5 180.2  39.6 11.03471 13.31370 7.064558 hargrave 2026-07-22 15:22:12 
AF  30 359.5  45.3 359.5  45.3 4.52E-04 000.5 180.5  44.7 10.09205 12.28207 6.783450 hargrave 2026-07-22 15:25:40 
AF  40 359.3  41.2 359.3  41.2 4.14E-04 000.5 180.8  48.8 9.421836 11.39979 6.684277 hargrave 2026-07-22 15:29:11 
AF  50 359.2  39.2 359.2  39.2 3.96E-04 000.5 181.0  50.8 9.003377 10.88413 6.555858 hargrave 2026-07-22 15:32:39 
AF  75 359.4  37.0 359.4  37.0 3.69E-04 000.5 180.7  53.0 8.344262 9.996153 6.420829 hargrave 2026-07-22 15:36:07 
AF 100 360.0  36.5 360.0  36.5 3.54E-04 000.5 180.0  53.5 7.857785 9.247187 6.267834 hargrave 2026-07-22 15:39:36 
AF 125 000.4  36.7 000.4  36.7 3.42E-04 000.5 179.5  53.3 7.515424 8.735935 6.126919 hargrave 2026-07-22 15:43:03 
AF 150 001.1  36.9 001.1  36.9 3.33E-04 000.5 178.6  53.1 7.335856 8.532603 5.935099 hargrave 2026-07-22 15:46:31 
AF 175 001.5  37.3 001.5  37.3 3.26E-04 000.5 178.1  52.6 7.137579 8.216659 5.831804 hargrave 2026-07-22 15:49:58 
AF 200 002.0  37.5 002.0  37.5 3.20E-04 000.5 177.5  52.5 7.068284 7.929265 5.620715 hargrave 2026-07-22 15:53:25 
AF 225 002.7  37.8 002.7  37.8 3.13E-04 000.5 176.5  52.1 6.974935 7.774851 5.504723 hargrave 2026-07-22 15:56:53 
AF 250 003.2  38.1 003.2  38.1 3.07E-04 000.4 176.0  51.8 5.738958 6.908826 5.419568 hargrave 2026-07-22 16:00:19 
AF 275 003.6  38.3 003.6  38.3 3.01E-04 000.5 175.4  51.5 6.747222 7.308812 5.392938 hargrave 2026-07-22 16:03:47 
AF 300 004.3  38.5 004.3  38.5 2.94E-04 000.5 174.6  51.3 6.482416 7.411331 5.106725 hargrave 2026-07-22 16:05:22 
AF 350 004.9  38.7 004.9  38.7 2.82E-04 000.5 174.0  51.0 6.352339 6.981155 5.065006 hargrave 2026-07-22 16:08:51 
AF 400 005.2  39.0 005.2  39.0 2.70E-04 000.5 173.7  50.7 6.011076 6.686085 4.836525 hargrave 2026-07-22 16:12:18 
AF 450 005.9  39.2 005.9  39.2 2.55E-04 000.5 172.8  50.4 5.795769 6.256394 4.746594 hargrave 2026-07-22 16:15:45 
AF 500 006.2  39.1 006.2  39.1 2.41E-04 000.5 172.4  50.5 5.411537 5.924802 4.542518 hargrave 2026-07-22 16:19:11 
AF 550 007.0  39.2 007.0  39.2 2.26E-04 000.5 171.4  50.3 5.179267 5.612615 4.347342 hargrave 2026-07-22 16:22:38 
AF 600 008.9  38.9 008.9  38.9 2.11E-04 000.5 169.1  50.3 4.954082 5.417546 4.001592 hargrave 2026-07-22 16:26:05 
AF 650 010.3  38.6 010.3  38.6 1.96E-04 000.5 167.4  50.3 4.608887 4.933406 3.867658 hargrave 2026-07-22 16:29:32 
AF 700 013.5  37.5 013.5  37.5 1.81E-04 000.5 163.1  50.5 4.416630 4.740071 3.799648 hargrave 2026-07-22 16:32:58 
AF 750 018.3  36.5 018.3  36.5 1.64E-04 000.5 157.0  49.7 4.108833 4.296430 3.582158 hargrave 2026-07-22 16:36:24 
AF 800 022.7  34.7 022.7  34.7 1.51E-04 000.5 150.8  49.3 4.070450 4.230151 3.749795 hargrave 2026-07-22 16:38:55 
AF 850 030.4  32.4 030.4  32.4 1.37E-04 000.5 141.4  46.7 3.842846 3.923877 3.541600 hargrave 2026-07-22 16:40:30 
AF 900 037.5  28.9 037.5  28.9 1.26E-04 000.5 132.2  44.0 3.664289 3.663615 3.405638 hargrave 2026-07-22 16:42:05 
AF 950 045.9  24.4 045.9  24.4 1.17E-04 000.6 122.3  39.3 3.545942 3.439648 3.387071 hargrave 2026-07-22 16:43:39 
AF1000 054.0  19.3 054.0  19.3 1.14E-04 000.6 113.4  33.7 3.569792 3.318152 3.384385 hargrave 2026-07-22 16:45:15 
AF1050 061.0  13.2 061.0  13.2 1.09E-04 000.7 105.0  28.2 3.468342 3.262137 3.444659 hargrave 2026-07-22 16:46:50 
AF1100 068.7  06.2 068.7  06.2 1.11E-04 000.7 096.6  21.2 3.549776 3.257414 3.662641 hargrave 2026-07-22 16:48:25 
AF1150 076.5  00.3 076.5  00.3 1.15E-04 000.7 090.3  13.5 3.458570 2.967278 3.548608 hargrave 2026-07-22 16:50:01 
AF1200 081.1 -05.4 081.1 -05.4 1.19E-04 000.7 084.6  08.8 3.392230 2.869836 3.663890 hargrave 2026-07-22 16:51:36 
AF1250 086.9 -09.2 086.9 -09.2 1.27E-04 000.7 080.8  03.1 3.300161 2.727627 3.750414 hargrave 2026-07-22 16:53:12 
AF1300 090.5 -13.4 090.5 -13.4 1.37E-04 000.7 076.6 -00.5 3.330757 2.765141 3.874107 hargrave 2026-07-22 16:54:48 
