D6A- 1089a unoriented drill core
   1089  90.0  90.0  90.0   0.0  32.3
NRM    020.4  82.8 020.4  82.8 1.37E-03 000.3 177.5  06.7 3.406302 18.35279 13.35539 hargrave 2026-07-26 02:02:39 
AF  10 031.6  82.5 031.6  82.5 1.30E-03 000.3 176.0  06.4 2.953879 16.56134 12.68105 hargrave 2026-07-26 02:04:14 
AF  20 017.9  81.0 017.9  81.0 1.09E-03 000.3 177.2  08.6 2.793185 13.01115 10.17772 hargrave 2026-07-26 02:05:49 
AF  30 004.4  78.1 004.4  78.1 8.97E-04 000.3 179.1  11.9 3.033589 10.81062 7.750489 hargrave 2026-07-26 02:07:24 
AF  40 356.2  74.1 356.2  74.1 7.47E-04 000.3 181.1  15.8 3.433676 10.62517 6.165132 hargrave 2026-07-26 02:09:00 
AF  50 352.6  71.7 352.6  71.7 6.81E-04 000.3 182.4  18.1 3.673346 11.26471 5.536815 hargrave 2026-07-26 02:10:35 
AF  75 349.6  68.0 349.6  68.0 5.95E-04 000.3 184.2  21.6 4.020537 10.86969 4.900042 hargrave 2026-07-26 02:14:02 
AF 100 348.5  66.7 348.5  66.7 5.55E-04 000.4 184.9  22.8 4.062103 10.96603 4.589966 hargrave 2026-07-26 02:17:28 
AF 125 348.2  66.3 348.2  66.3 5.29E-04 000.4 185.1  23.2 4.109227 10.79607 4.435647 hargrave 2026-07-26 02:20:55 
AF 150 348.1  65.9 348.1  65.9 5.07E-04 000.4 185.3  23.5 4.000432 10.32923 4.236787 hargrave 2026-07-26 02:24:22 
AF 175 348.3  66.0 348.3  66.0 4.90E-04 000.4 185.2  23.5 3.858039 9.853911 4.002487 hargrave 2026-07-26 02:27:48 
AF 200 348.4  65.9 348.4  65.9 4.71E-04 000.4 185.1  23.6 3.769532 9.793733 3.853171 hargrave 2026-07-26 02:31:15 
AF 225 347.8  66.0 347.8  66.0 4.56E-04 000.4 185.4  23.4 3.614301 9.336753 3.597518 hargrave 2026-07-26 02:34:42 
AF 250 347.6  66.2 347.6  66.2 4.37E-04 000.4 185.4  23.2 3.422856 8.907638 3.636878 hargrave 2026-07-26 02:38:09 
AF 275 348.5  66.2 348.5  66.2 4.22E-04 000.4 185.0  23.3 3.449442 8.812826 3.422566 hargrave 2026-07-26 02:41:36 
AF 300 347.4  66.3 347.4  66.3 4.06E-04 000.4 185.5  23.1 3.168685 8.248843 3.249972 hargrave 2026-07-26 02:45:03 
AF 350 347.0  66.8 347.0  66.8 3.78E-04 000.4 185.5  22.5 2.897042 7.513412 3.137093 hargrave 2026-07-26 02:48:29 
AF 400 346.9  67.7 346.9  67.7 3.52E-04 000.4 185.3  21.7 2.712520 6.718656 2.801217 hargrave 2026-07-26 02:51:56 
AF 450 345.2  67.5 345.2  67.5 3.31E-04 000.4 186.0  21.7 2.605542 6.248436 2.716003 hargrave 2026-07-26 02:55:23 
AF 500 344.1  67.3 344.1  67.3 3.09E-04 000.4 186.5  21.8 2.503742 5.814819 2.482151 hargrave 2026-07-26 02:58:50 
AF 550 342.7  67.4 342.7  67.4 2.90E-04 000.3 187.1  21.6 2.135386 5.128350 2.422637 hargrave 2026-07-26 03:02:18 
AF 600 343.0  67.2 343.0  67.2 2.72E-04 000.3 187.0  21.8 2.232316 4.959613 2.371503 hargrave 2026-07-26 03:05:45 
AF 650 342.4  67.3 342.4  67.3 2.59E-04 000.3 187.2  21.6 2.097087 4.548986 2.339180 hargrave 2026-07-26 03:09:14 
AF 700 341.6  66.3 341.6  66.3 2.44E-04 000.3 187.9  22.5 2.056232 4.333365 2.183196 hargrave 2026-07-26 03:12:41 
AF 750 340.4  66.2 340.4  66.2 2.30E-04 000.3 188.4  22.4 2.007998 4.053839 2.040928 hargrave 2026-07-26 03:16:09 
AF 800 341.1  66.0 341.1  66.0 2.16E-04 000.3 188.2  22.7 1.959545 3.914487 1.913075 hargrave 2026-07-26 03:19:37 
AF 850 340.1  65.2 340.1  65.2 2.03E-04 000.3 189.0  23.2 1.823911 3.574191 1.948989 hargrave 2026-07-26 03:23:05 
AF 900 337.6  65.4 337.6  65.4 1.89E-04 000.3 189.9  22.7 1.585507 3.337514 1.810109 hargrave 2026-07-26 03:26:34 
AF 950 338.4  64.5 338.4  64.5 1.77E-04 000.4 189.9  23.6 1.159486 3.371081 1.781661 hargrave 2026-07-26 03:30:02 
AF1000 336.0  63.9 336.0  63.9 1.66E-04 000.3 191.3  23.7 1.436903 2.874419 1.881934 hargrave 2026-07-26 03:33:31 
AF1050 333.0  64.4 333.0  64.4 1.56E-04 000.3 192.3  22.7 1.403146 2.736844 1.583826 hargrave 2026-07-26 03:36:59 
AF1100 337.3  63.4 337.3  63.4 1.42E-04 000.4 190.9  24.4 1.322703 2.632167 1.510343 hargrave 2026-07-26 03:40:28 
AF1150 336.2  62.2 336.2  62.2 1.31E-04 000.4 192.0  25.2 0.973381 2.462208 1.490074 hargrave 2026-07-26 03:43:57 
AF1200 335.6  62.2 335.6  62.2 1.20E-04 000.4 192.3  25.1 1.002477 2.164567 1.401651 hargrave 2026-07-26 03:47:26 
AF1250 333.3  59.8 333.3  59.8 1.09E-04 000.4 194.7  26.7 0.735875 1.987986 1.426998 hargrave 2026-07-26 03:50:55 
AF1300 337.9  60.2 337.9  60.2 9.57E-05 000.4 192.2  27.4 0.833925 1.830675 1.310651 hargrave 2026-07-26 03:54:24 
