D6A- 1196a unoriented drill core
   1196  90.0  90.0  90.0   0.0  32.3
NRM    038.6  67.3 038.6  67.3 1.30E-03 000.5 165.4  17.5 14.40248 33.16714 25.40477 hargrave 2026-07-26 05:13:34 
AF  10 038.0  66.4 038.0  66.4 1.25E-03 000.5 165.0  18.4 14.96141 31.99269 24.26344 hargrave 2026-07-26 05:15:08 
AF  20 037.4  65.1 037.4  65.1 1.16E-03 000.5 164.2  19.6 14.99581 30.94868 22.65565 hargrave 2026-07-26 05:16:43 
AF  30 036.9  63.7 036.9  63.7 1.09E-03 000.6 163.5  20.7 14.83143 30.21717 21.37942 hargrave 2026-07-26 05:18:18 
AF  40 036.7  62.7 036.7  62.7 1.04E-03 000.6 162.8  21.6 14.73472 29.30531 20.48580 hargrave 2026-07-26 05:19:53 
AF  50 036.8  62.2 036.8  62.2 1.01E-03 000.6 162.5  21.9 14.67080 28.98696 20.16134 hargrave 2026-07-26 05:21:28 
AF  75 037.2  61.5 037.2  61.5 9.76E-04 000.6 161.8  22.3 14.79184 28.16825 19.49612 hargrave 2026-07-26 05:23:03 
AF 100 037.5  61.1 037.5  61.1 9.47E-04 000.6 161.4  22.5 14.72562 27.61665 19.00738 hargrave 2026-07-26 05:24:39 
AF 125 037.9  60.8 037.9  60.8 9.22E-04 000.6 161.1  22.6 14.68628 26.96982 18.40637 hargrave 2026-07-26 05:26:13 
AF 150 037.9  60.7 037.9  60.7 8.99E-04 000.6 161.0  22.7 14.46356 26.37595 17.90140 hargrave 2026-07-26 05:27:48 
AF 175 037.9  60.6 037.9  60.6 8.75E-04 000.6 161.0  22.8 14.26891 25.75396 17.48014 hargrave 2026-07-26 05:29:24 
AF 200 037.8  60.4 037.8  60.4 8.53E-04 000.6 160.8  22.9 14.08667 24.85854 17.00717 hargrave 2026-07-26 05:30:59 
AF 225 037.7  60.4 037.7  60.4 8.32E-04 000.6 160.9  23.0 13.86574 24.17560 16.51673 hargrave 2026-07-26 05:32:34 
AF 250 037.5  60.4 037.5  60.4 8.12E-04 000.6 161.0  23.1 13.61634 23.60804 16.13850 hargrave 2026-07-26 05:34:09 
AF 275 037.4  60.5 037.4  60.5 7.92E-04 000.6 161.0  23.0 13.25864 22.94616 15.72622 hargrave 2026-07-26 05:35:44 
AF 300 037.2  60.5 037.2  60.5 7.72E-04 000.6 161.1  23.1 13.01008 22.46963 15.35690 hargrave 2026-07-26 05:37:19 
AF 350 037.0  60.7 037.0  60.7 7.38E-04 000.6 161.3  23.0 12.55553 21.29020 14.69075 hargrave 2026-07-26 05:38:55 
AF 400 036.5  60.8 036.5  60.8 7.10E-04 000.6 161.6  23.1 12.45242 20.99763 14.15683 hargrave 2026-07-26 05:40:30 
AF 450 036.4  61.0 036.4  61.0 6.83E-04 000.6 161.8  23.0 11.76115 19.52467 13.52125 hargrave 2026-07-26 05:42:05 
AF 500 036.3  61.2 036.3  61.2 6.59E-04 000.6 162.0  22.8 11.53047 18.57293 13.11134 hargrave 2026-07-26 05:43:40 
AF 550 036.2  61.4 036.2  61.4 6.37E-04 000.6 162.1  22.7 11.25047 18.19491 12.66243 hargrave 2026-07-26 05:45:15 
AF 600 036.1  61.7 036.1  61.7 6.17E-04 000.6 162.4  22.5 10.53267 18.48145 12.15789 hargrave 2026-07-26 05:48:42 
AF 650 036.4  61.6 036.4  61.6 5.98E-04 000.6 162.2  22.5 11.03267 17.12277 11.94250 hargrave 2026-07-26 05:52:10 
AF 700 036.8  61.9 036.8  61.9 5.84E-04 000.6 162.3  22.2 10.78962 16.97183 11.60709 hargrave 2026-07-26 05:55:37 
AF 750 037.1  61.8 037.1  61.8 5.70E-04 000.6 162.0  22.2 10.72853 16.72821 11.41209 hargrave 2026-07-26 05:59:04 
AF 800 037.8  61.8 037.8  61.8 5.56E-04 000.6 161.8  21.9 10.86824 16.21189 11.02976 hargrave 2026-07-26 06:02:31 
AF 850 037.8  62.4 037.8  62.4 5.45E-04 000.6 162.2  21.5 10.77998 16.05481 10.88243 hargrave 2026-07-26 06:05:58 
AF 900 038.3  62.7 038.3  62.7 5.28E-04 000.6 162.2  21.1 10.84125 15.86458 10.46750 hargrave 2026-07-26 06:09:26 
AF 950 039.3  62.5 039.3  62.5 5.19E-04 000.6 161.8  20.9 10.92976 15.76453 10.24430 hargrave 2026-07-26 06:12:53 
AF1000 039.8  62.9 039.8  62.9 5.08E-04 000.6 161.9  20.5 10.87358 15.47240 10.04533 hargrave 2026-07-26 06:16:21 
AF1050 040.0  63.2 040.0  63.2 4.94E-04 000.6 162.1  20.2 10.56828 15.51376 9.725615 hargrave 2026-07-26 06:19:48 
AF1100 041.0  63.7 041.0  63.7 4.88E-04 000.6 162.0  19.6 10.60776 15.31342 9.604571 hargrave 2026-07-26 06:23:16 
AF1150 041.5  63.9 041.5  63.9 4.78E-04 000.6 162.0  19.3 10.44593 14.93899 9.374266 hargrave 2026-07-26 06:26:44 
AF1200 042.5  64.1 042.5  64.1 4.66E-04 000.6 161.8  18.8 10.42899 14.90033 9.182626 hargrave 2026-07-26 06:30:12 
AF1250 043.5  64.2 043.5  64.2 4.59E-04 000.6 161.6  18.4 10.19182 14.63790 9.037361 hargrave 2026-07-26 06:33:40 
AF1300 044.5  64.3 044.5  64.3 4.51E-04 000.6 161.3  18.0 10.56358 15.14655 8.805810 hargrave 2026-07-26 06:37:09 
