D6A- 754a unoriented drill core
    754  90.0  90.0  90.0   0.0  31.1
NRM    341.5  46.3 341.5  46.3 4.47E-04 000.7 196.9  40.9 7.929555 15.00773 7.465895 hargrave 2026-07-25 16:23:43 
AF  10 340.9  45.3 340.9  45.3 4.33E-04 000.7 197.9  41.6 7.587754 14.48707 7.258899 hargrave 2026-07-25 16:27:10 
AF  20 340.5  41.9 340.5  41.9 4.05E-04 000.7 200.4  44.6 7.486964 14.04204 6.853276 hargrave 2026-07-25 16:30:37 
AF  30 340.2  38.1 340.2  38.1 3.79E-04 000.7 203.3  47.8 7.497983 13.60923 6.486891 hargrave 2026-07-25 16:34:03 
AF  40 340.2  35.5 340.2  35.5 3.63E-04 000.8 205.4  50.0 7.488877 13.41844 6.163488 hargrave 2026-07-25 16:37:30 
AF  50 340.1  34.5 340.1  34.5 3.55E-04 000.8 206.4  50.8 7.463069 13.32004 5.961207 hargrave 2026-07-25 16:40:57 
AF  75 339.9  33.6 339.9  33.6 3.46E-04 000.8 207.3  51.5 7.442726 13.18381 5.852507 hargrave 2026-07-25 16:44:24 
AF 100 339.9  33.7 339.9  33.7 3.41E-04 000.8 207.3  51.4 7.360339 13.04598 5.839800 hargrave 2026-07-25 16:47:52 
AF 125 339.8  33.9 339.8  33.9 3.38E-04 000.8 207.2  51.2 7.371005 12.99128 5.756645 hargrave 2026-07-25 16:51:19 
AF 150 339.7  34.1 339.7  34.1 3.35E-04 000.8 207.1  51.0 7.248196 12.91858 5.704440 hargrave 2026-07-25 16:54:45 
AF 175 339.8  34.3 339.8  34.3 3.33E-04 000.8 206.9  50.9 7.154868 12.80061 5.711482 hargrave 2026-07-25 16:58:12 
AF 200 339.8  34.4 339.8  34.4 3.31E-04 000.8 206.8  50.7 7.149223 12.72683 5.605510 hargrave 2026-07-25 17:01:39 
AF 225 339.6  34.7 339.6  34.7 3.28E-04 000.8 206.7  50.4 7.051859 12.52956 5.548375 hargrave 2026-07-25 17:05:06 
AF 250 339.8  34.7 339.8  34.7 3.25E-04 000.8 206.5  50.5 7.024218 12.50147 5.631400 hargrave 2026-07-25 17:08:34 
AF 275 339.8  34.9 339.8  34.9 3.21E-04 000.8 206.3  50.3 6.897237 12.29161 5.602051 hargrave 2026-07-25 17:12:00 
AF 300 339.6  35.1 339.6  35.1 3.18E-04 000.8 206.4  50.1 6.819769 12.21837 5.516650 hargrave 2026-07-25 17:15:27 
AF 350 339.8  35.2 339.8  35.2 3.09E-04 000.8 206.0  50.1 6.685658 11.94507 5.414143 hargrave 2026-07-25 17:18:54 
AF 400 339.8  35.5 339.8  35.5 3.01E-04 000.8 205.9  49.9 6.510838 11.60657 5.314733 hargrave 2026-07-25 17:22:21 
AF 450 339.7  35.7 339.7  35.7 2.92E-04 000.8 205.8  49.6 6.416549 11.31741 5.215479 hargrave 2026-07-25 17:25:47 
AF 500 339.9  35.9 339.9  35.9 2.84E-04 000.8 205.4  49.5 6.117068 10.96939 5.033127 hargrave 2026-07-25 17:29:14 
AF 550 339.6  36.1 339.6  36.1 2.74E-04 000.8 205.6  49.3 6.043498 10.64214 4.956799 hargrave 2026-07-25 17:32:41 
AF 600 339.5  36.2 339.5  36.2 2.66E-04 000.8 205.6  49.1 5.853279 10.32351 4.848144 hargrave 2026-07-25 17:36:07 
AF 650 339.6  36.3 339.6  36.3 2.56E-04 000.9 205.4  49.1 6.815127 10.76680 4.735838 hargrave 2026-07-25 17:39:34 
AF 700 339.8  36.3 339.8  36.3 2.47E-04 000.8 205.2  49.2 5.539541 9.693627 4.592120 hargrave 2026-07-25 17:43:01 
AF 750 339.8  36.2 339.8  36.2 2.37E-04 000.8 205.2  49.2 5.236026 9.209379 4.432681 hargrave 2026-07-25 17:46:27 
AF 800 340.0  36.5 340.0  36.5 2.28E-04 000.8 204.8  49.0 5.102956 8.872852 4.319779 hargrave 2026-07-25 17:49:54 
AF 850 339.9  36.6 339.9  36.6 2.18E-04 000.8 204.9  49.0 4.941712 8.647777 4.141244 hargrave 2026-07-25 17:53:21 
AF 900 340.2  36.4 340.2  36.4 2.08E-04 000.8 204.7  49.2 4.677783 8.196285 4.015067 hargrave 2026-07-25 17:56:48 
AF 950 340.2  36.5 340.2  36.5 1.98E-04 000.8 204.6  49.1 4.449392 7.843178 3.830758 hargrave 2026-07-25 18:00:15 
AF1000 340.3  36.8 340.3  36.8 1.88E-04 000.8 204.3  49.0 4.298717 7.427216 3.708009 hargrave 2026-07-25 18:03:42 
AF1050 339.8  36.8 339.8  36.8 1.77E-04 000.8 204.8  48.8 4.073327 7.121994 3.527773 hargrave 2026-07-25 18:07:10 
AF1100 340.1  36.6 340.1  36.6 1.67E-04 000.8 204.6  49.0 3.858943 6.672526 3.381990 hargrave 2026-07-25 18:10:37 
AF1150 340.9  36.9 340.9  36.9 1.56E-04 000.9 203.5  49.1 3.650011 6.304564 3.164026 hargrave 2026-07-25 18:14:05 
AF1200 340.5  36.6 340.5  36.6 1.45E-04 000.9 204.3  49.2 3.477420 5.895672 2.979878 hargrave 2026-07-25 18:17:32 
AF1250 340.9  37.1 340.9  37.1 1.34E-04 000.9 203.4  48.9 3.275916 5.542701 2.836870 hargrave 2026-07-25 18:21:00 
AF1300 341.2  37.1 341.2  37.1 1.23E-04 000.9 203.1  49.0 3.052101 5.101617 2.660817 hargrave 2026-07-25 18:24:28 
