D6A- 285a unoriented drill core
    285  90.0  90.0  90.0   0.0  31.2
NRM    076.6 -56.4 076.6 -56.4 8.15E-04 000.4 032.9  07.4 23.87060 3.040373 9.382039 hargrave 2026-07-25 07:45:57 
AF  10 079.8 -53.9 079.8 -53.9 7.49E-04 000.4 035.7  06.0 20.01485 1.965471 11.77127 hargrave 2026-07-25 07:47:32 
AF  20 081.5 -47.5 081.5 -47.5 6.47E-04 000.5 042.2  05.7 14.70335 3.661278 11.28053 hargrave 2026-07-25 07:49:07 
AF  30 082.0 -42.2 082.0 -42.2 5.83E-04 000.5 047.5  05.9 11.72519 3.486503 9.903188 hargrave 2026-07-25 07:50:42 
AF  40 081.9 -38.3 081.9 -38.3 5.33E-04 000.4 051.4  06.4 9.974167 3.008769 8.522252 hargrave 2026-07-25 07:52:18 
AF  50 081.9 -36.2 081.9 -36.2 5.03E-04 000.4 053.5  06.6 9.043789 2.702957 7.701191 hargrave 2026-07-25 07:53:53 
AF  75 082.2 -33.2 082.2 -33.2 4.31E-04 000.4 056.5  06.5 7.570222 1.903403 6.086682 hargrave 2026-07-25 07:55:28 
AF 100 082.3 -32.0 082.3 -32.0 3.79E-04 000.4 057.8  06.5 6.480148 2.190223 4.880480 hargrave 2026-07-25 07:57:03 
AF 125 082.9 -31.5 082.9 -31.5 3.42E-04 000.3 058.3  06.1 5.660643 2.846715 4.011081 hargrave 2026-07-25 07:58:38 
AF 150 083.1 -31.5 083.1 -31.5 3.14E-04 000.3 058.4  05.9 5.001442 3.230383 3.525843 hargrave 2026-07-25 08:00:14 
AF 175 083.0 -31.0 083.0 -31.0 2.94E-04 000.3 058.8  06.0 4.532865 3.642762 3.130092 hargrave 2026-07-25 08:01:49 
AF 200 082.5 -31.6 082.5 -31.6 2.75E-04 000.3 058.2  06.4 4.145636 4.013761 2.732662 hargrave 2026-07-25 08:03:24 
AF 225 081.7 -31.3 081.7 -31.3 2.60E-04 000.3 058.4  07.0 3.917707 4.323382 2.528342 hargrave 2026-07-25 08:04:59 
AF 250 081.8 -31.7 081.8 -31.7 2.50E-04 000.3 058.0  07.0 3.613461 4.244650 2.540048 hargrave 2026-07-25 08:06:34 
AF 275 081.3 -32.2 081.3 -32.2 2.38E-04 000.3 057.5  07.3 3.594627 4.592210 2.468293 hargrave 2026-07-25 08:08:09 
AF 300 081.3 -32.5 081.3 -32.5 2.28E-04 000.3 057.2  07.3 3.561506 4.750645 2.573828 hargrave 2026-07-25 08:09:44 
AF 350 080.4 -32.7 080.4 -32.7 2.16E-04 000.3 057.0  08.1 3.458966 4.797507 2.348217 hargrave 2026-07-25 08:11:19 
AF 400 080.2 -33.5 080.2 -33.5 2.04E-04 000.4 056.1  08.2 3.307727 4.778356 2.199506 hargrave 2026-07-25 08:12:53 
AF 450 080.4 -33.6 080.4 -33.6 1.95E-04 000.4 056.0  08.0 3.231184 4.714763 2.303471 hargrave 2026-07-25 08:14:28 
AF 500 080.2 -33.6 080.2 -33.6 1.87E-04 000.4 056.0  08.2 2.986400 4.446112 2.443382 hargrave 2026-07-25 08:16:03 
AF 550 079.1 -33.8 079.1 -33.8 1.77E-04 000.4 055.7  09.1 3.030191 4.434342 2.120578 hargrave 2026-07-25 08:17:37 
AF 600 078.2 -33.3 078.2 -33.3 1.69E-04 000.4 056.2  09.8 2.867734 4.360253 1.995553 hargrave 2026-07-25 08:19:12 
AF 650 078.7 -33.8 078.7 -33.8 1.63E-04 000.4 055.7  09.3 2.677401 3.980682 2.045528 hargrave 2026-07-25 08:20:46 
AF 700 078.8 -34.1 078.8 -34.1 1.56E-04 000.4 055.4  09.2 2.621401 3.908238 1.970277 hargrave 2026-07-25 08:22:21 
AF 750 078.6 -33.8 078.6 -33.8 1.48E-04 000.4 055.7  09.5 2.549511 3.707772 1.772622 hargrave 2026-07-25 08:23:56 
AF 800 077.5 -33.1 077.5 -33.1 1.38E-04 000.4 056.3  10.5 2.333763 3.489868 1.722192 hargrave 2026-07-25 08:25:30 
AF 850 077.0 -34.8 077.0 -34.8 1.31E-04 000.4 054.5  10.7 2.426230 3.615804 1.428636 hargrave 2026-07-25 08:27:05 
AF 900 075.6 -34.1 075.6 -34.1 1.23E-04 000.4 055.0  11.9 2.276169 3.381165 1.295481 hargrave 2026-07-25 08:28:40 
AF 950 077.0 -33.8 077.0 -33.8 1.15E-04 000.3 055.5  10.8 1.885278 3.170396 1.338607 hargrave 2026-07-25 08:30:15 
AF1000 076.7 -35.1 076.7 -35.1 1.05E-04 000.4 054.1  10.9 1.952946 2.929690 1.083173 hargrave 2026-07-25 08:32:46 
AF1050 074.5 -34.4 074.5 -34.4 9.52E-05 000.4 054.6  12.7 1.668280 2.518688 0.923037 hargrave 2026-07-25 08:34:21 
AF1100 074.4 -35.3 074.4 -35.3 8.60E-05 000.4 053.6  12.7 1.549664 2.476616 0.889128 hargrave 2026-07-25 08:35:57 
AF1150 072.0 -34.7 072.0 -34.7 7.91E-05 000.4 053.9  14.7 1.394550 2.101744 0.755357 hargrave 2026-07-25 08:37:33 
AF1200 073.7 -36.0 073.7 -36.0 6.69E-05 000.4 052.9  13.2 1.186416 1.984425 0.702844 hargrave 2026-07-25 08:39:09 
AF1250 072.1 -37.9 072.1 -37.9 6.14E-05 000.4 050.7  14.1 1.153460 1.679795 0.727199 hargrave 2026-07-25 08:40:45 
AF1300 072.5 -35.8 072.5 -35.8 5.37E-05 000.4 052.9  14.1 0.884501 1.572399 0.439698 hargrave 2026-07-25 08:42:21 
