D6A- 633a unoriented drill core
    633  90.0  90.0  90.0   0.0  30.6
NRM    190.8  47.7 190.8  47.7 6.90E-04 000.3 189.7 -41.4 9.588753 10.05245 14.50749 hargrave 2026-07-25 12:44:58 
AF  10 191.6  42.3 191.6  42.3 6.36E-04 000.4 192.5 -46.5 8.294808 11.29669 11.79815 hargrave 2026-07-25 12:48:25 
AF  20 192.8  33.1 192.8  33.1 5.55E-04 000.4 198.7 -54.8 7.380427 10.62376 7.749645 hargrave 2026-07-25 12:51:52 
AF  30 193.6  26.0 193.6  26.0 5.10E-04 000.4 205.8 -60.9 7.602434 10.47026 5.618280 hargrave 2026-07-25 12:55:19 
AF  40 194.0  21.9 194.0  21.9 4.89E-04 000.5 211.1 -64.2 7.979125 10.51459 4.891858 hargrave 2026-07-25 12:58:46 
AF  50 194.3  20.2 194.3  20.2 4.77E-04 000.5 213.8 -65.4 8.102553 10.47160 4.661544 hargrave 2026-07-25 13:02:13 
AF  75 194.4  18.4 194.4  18.4 4.48E-04 000.5 216.8 -66.8 8.099785 10.25362 4.389601 hargrave 2026-07-25 13:05:39 
AF 100 194.1  18.0 194.1  18.0 4.23E-04 000.5 216.8 -67.3 8.061677 10.02094 4.267130 hargrave 2026-07-25 13:09:06 
AF 125 194.3  18.2 194.3  18.2 4.00E-04 000.6 216.9 -67.0 7.837499 9.699089 4.206555 hargrave 2026-07-25 13:12:33 
AF 150 193.9  18.3 193.9  18.3 3.78E-04 000.6 215.9 -67.1 7.591540 9.320456 4.029720 hargrave 2026-07-25 13:16:00 
AF 175 193.8  18.5 193.8  18.5 3.55E-04 000.6 215.5 -67.0 7.457134 9.080247 3.957069 hargrave 2026-07-25 13:19:26 
AF 200 193.7  18.7 193.7  18.7 3.35E-04 000.6 215.1 -67.0 7.193632 8.688823 3.867639 hargrave 2026-07-25 13:22:53 
AF 225 193.7  19.0 193.7  19.0 3.08E-04 000.6 214.4 -66.7 6.798366 8.293740 3.666024 hargrave 2026-07-25 13:26:19 
AF 250 193.4  19.2 193.4  19.2 2.92E-04 000.6 213.7 -66.8 6.591004 8.084106 3.524285 hargrave 2026-07-25 13:29:46 
AF 275 193.4  19.4 193.4  19.4 2.72E-04 000.7 213.4 -66.6 6.364326 7.723064 3.444770 hargrave 2026-07-25 13:33:12 
AF 300 192.9  19.5 192.9  19.5 2.52E-04 000.7 212.1 -66.8 6.002378 7.265699 3.301286 hargrave 2026-07-25 13:36:39 
AF 350 192.5  20.1 192.5  20.1 2.16E-04 000.7 210.7 -66.5 5.184760 6.445139 2.955665 hargrave 2026-07-25 13:40:07 
AF 400 192.2  20.6 192.2  20.6 1.88E-04 000.7 209.3 -66.2 4.782956 6.016588 2.711342 hargrave 2026-07-25 13:43:34 
AF 450 192.5  21.1 192.5  21.1 1.66E-04 000.7 209.2 -65.6 4.313192 5.307157 2.568899 hargrave 2026-07-25 13:47:02 
AF 500 191.9  21.2 191.9  21.2 1.50E-04 000.8 208.0 -65.8 3.917395 4.969939 2.442105 hargrave 2026-07-25 13:50:29 
AF 550 191.7  21.4 191.7  21.4 1.34E-04 000.8 207.4 -65.7 3.694179 4.529389 2.231193 hargrave 2026-07-25 13:53:56 
AF 600 192.3  21.2 192.3  21.2 1.19E-04 000.8 208.8 -65.6 3.283791 4.103011 2.105713 hargrave 2026-07-25 13:57:24 
AF 650 191.7  20.6 191.7  20.6 1.09E-04 000.8 208.4 -66.4 3.081026 3.826245 1.989129 hargrave 2026-07-25 14:00:51 
AF 700 191.9  21.6 191.9  21.6 9.85E-05 000.8 207.5 -65.5 2.845476 3.467867 1.852814 hargrave 2026-07-25 14:04:19 
AF 750 191.5  21.6 191.5  21.6 8.88E-05 000.8 206.7 -65.6 2.539397 3.239885 1.796537 hargrave 2026-07-25 14:07:47 
AF 800 191.1  20.2 191.1  20.2 7.97E-05 000.9 207.5 -67.1 2.381376 2.966752 1.624564 hargrave 2026-07-25 14:11:14 
AF 850 191.6  19.9 191.6  19.9 7.18E-05 000.8 209.0 -67.1 2.097251 2.649022 1.588800 hargrave 2026-07-25 14:14:42 
AF 900 193.2  19.3 193.2  19.3 6.46E-05 000.9 213.1 -66.8 2.006936 2.643965 1.507770 hargrave 2026-07-25 14:18:09 
AF 950 193.9  18.4 193.9  18.4 5.89E-05 000.9 215.8 -67.1 1.817373 2.320856 1.515861 hargrave 2026-07-25 14:21:36 
AF1000 192.6  18.6 192.6  18.6 5.11E-05 000.9 212.9 -67.7 1.692693 1.917826 1.293075 hargrave 2026-07-25 14:25:04 
AF1050 194.9  16.2 194.9  16.2 4.67E-05 001.0 221.5 -68.1 1.616085 1.952433 1.320629 hargrave 2026-07-25 14:28:32 
AF1100 191.8  17.8 191.8  17.8 4.11E-05 001.0 212.4 -68.7 1.405215 1.703229 1.129911 hargrave 2026-07-25 14:32:01 
AF1150 193.7  15.5 193.7  15.5 3.79E-05 000.9 220.5 -69.4 1.221422 1.480092 0.945032 hargrave 2026-07-25 14:35:29 
AF1200 198.6  16.1 198.6  16.1 3.31E-05 000.9 227.9 -65.6 1.120590 1.414456 1.044297 hargrave 2026-07-25 14:38:58 
AF1250 196.5  12.4 196.5  12.4 2.81E-05 001.0 232.2 -69.4 1.046714 1.270709 0.828920 hargrave 2026-07-25 14:42:26 
AF1300 196.3  11.0 196.3  11.0 2.44E-05 001.0 235.3 -70.4 0.892006 1.041850 0.732250 hargrave 2026-07-25 14:45:55 
