D6A- 459a unoriented drill core
    459  90.0  90.0  90.0   0.0  29.2
NRM    217.1  42.7 217.1  42.7 3.15E-04 000.7 213.2 -35.9 9.245462 7.435903 3.101506 hargrave 2026-07-22 14:45:42 
NRM    217.7  42.8 217.7  42.8 3.16E-04 000.7 213.4 -35.4 8.256047 8.689849 3.258191 hargrave 2026-07-23 07:37:48 
AF  10 218.1  42.4 218.1  42.4 3.13E-04 000.6 214.1 -35.5 6.967872 7.996376 3.235549 hargrave 2026-07-23 07:41:15 
AF  20 218.3  41.1 218.3  41.1 3.08E-04 000.6 215.4 -36.3 7.630616 8.475795 3.186787 hargrave 2026-07-23 07:44:41 
AF  30 218.2  39.6 218.2  39.6 3.01E-04 000.6 216.8 -37.3 7.207408 8.051941 3.140555 hargrave 2026-07-23 07:48:08 
AF  40 218.0  38.2 218.0  38.2 2.96E-04 000.6 218.0 -38.3 6.703990 7.689928 3.116527 hargrave 2026-07-23 07:51:34 
AF  50 217.8  37.4 217.8  37.4 2.93E-04 000.6 218.7 -38.9 6.506442 7.532309 3.116212 hargrave 2026-07-23 07:55:00 
AF  75 217.5  36.1 217.5  36.1 2.87E-04 000.6 219.8 -39.9 5.956942 7.252197 3.057209 hargrave 2026-07-23 07:58:27 
AF 100 217.3  35.6 217.3  35.6 2.84E-04 000.6 220.2 -40.3 5.722817 7.230271 3.061458 hargrave 2026-07-23 08:01:55 
AF 125 217.3  35.3 217.3  35.3 2.81E-04 000.6 220.5 -40.4 5.568915 7.137377 3.078679 hargrave 2026-07-23 08:05:23 
AF 150 217.3  35.3 217.3  35.3 2.80E-04 000.6 220.6 -40.5 5.551776 7.143593 3.026224 hargrave 2026-07-23 08:08:51 
AF 175 217.3  35.2 217.3  35.2 2.77E-04 000.5 220.7 -40.5 5.462170 7.052670 3.015851 hargrave 2026-07-23 08:12:19 
AF 200 217.3  35.0 217.3  35.0 2.76E-04 000.5 220.8 -40.6 5.505588 7.021633 2.951933 hargrave 2026-07-23 08:15:49 
AF 225 217.2  35.1 217.2  35.1 2.74E-04 000.6 220.7 -40.6 5.437191 6.999625 2.980511 hargrave 2026-07-23 08:19:15 
AF 250 217.1  35.1 217.1  35.1 2.72E-04 000.5 220.6 -40.7 5.397490 6.923192 2.950509 hargrave 2026-07-23 08:22:42 
AF 275 217.1  35.1 217.1  35.1 2.70E-04 000.6 220.7 -40.7 5.435599 6.961707 2.917105 hargrave 2026-07-23 08:26:09 
AF 300 217.0  35.2 217.0  35.2 2.68E-04 000.6 220.5 -40.7 5.380308 6.902086 2.860651 hargrave 2026-07-23 08:29:35 
AF 350 217.1  35.1 217.1  35.1 2.63E-04 000.6 220.7 -40.8 5.268706 6.824042 2.826337 hargrave 2026-07-23 08:33:02 
AF 400 216.9  35.0 216.9  35.0 2.58E-04 000.6 220.6 -41.0 5.254125 6.833748 2.767075 hargrave 2026-07-23 08:36:30 
AF 450 216.8  35.1 216.8  35.1 2.54E-04 000.6 220.5 -41.0 5.166625 6.727782 2.677349 hargrave 2026-07-23 08:39:59 
AF 500 216.7  35.1 216.7  35.1 2.49E-04 000.6 220.4 -41.0 5.130099 6.726284 2.608954 hargrave 2026-07-23 08:43:27 
AF 550 216.4  34.9 216.4  34.9 2.43E-04 000.6 220.4 -41.3 5.065889 6.630795 2.558585 hargrave 2026-07-23 08:46:54 
AF 600 216.3  35.0 216.3  35.0 2.37E-04 000.6 220.3 -41.3 5.008002 6.575678 2.462786 hargrave 2026-07-23 08:50:20 
AF 650 216.0  34.9 216.0  34.9 2.31E-04 000.6 220.1 -41.5 4.954374 6.544115 2.389682 hargrave 2026-07-23 08:53:47 
AF 700 215.9  34.8 215.9  34.8 2.25E-04 000.6 220.1 -41.7 4.811308 6.393027 2.323563 hargrave 2026-07-23 08:57:15 
AF 750 215.7  34.7 215.7  34.7 2.18E-04 000.6 220.1 -41.9 4.697506 6.233182 2.252330 hargrave 2026-07-23 09:00:42 
AF 800 215.1  34.8 215.1  34.8 2.11E-04 000.6 219.6 -42.2 4.594131 6.140345 2.113274 hargrave 2026-07-23 09:04:10 
AF 850 214.9  34.5 214.9  34.5 2.02E-04 000.6 219.8 -42.5 4.425008 5.896612 2.048549 hargrave 2026-07-23 09:07:37 
AF 900 214.5  34.5 214.5  34.5 1.94E-04 000.6 219.5 -42.8 4.298187 5.749149 1.916443 hargrave 2026-07-23 09:11:05 
AF 950 214.3  34.4 214.3  34.4 1.85E-04 000.6 219.5 -43.0 4.090980 5.531855 2.611076 hargrave 2026-07-23 09:14:32 
AF1000 213.5  34.3 213.5  34.3 1.76E-04 000.6 219.0 -43.5 3.973602 5.311356 1.662546 hargrave 2026-07-23 09:18:00 
AF1050 213.0  34.5 213.0  34.5 1.65E-04 000.7 218.3 -43.7 3.789189 5.097619 1.534028 hargrave 2026-07-23 09:21:27 
AF1100 212.4  34.5 212.4  34.5 1.55E-04 000.6 217.9 -44.1 3.510648 4.734767 1.458893 hargrave 2026-07-23 09:24:55 
AF1150 211.8  34.5 211.8  34.5 1.43E-04 000.7 217.4 -44.4 3.320658 4.478075 1.312984 hargrave 2026-07-23 09:28:24 
AF1200 211.4  34.4 211.4  34.4 1.31E-04 000.7 217.3 -44.8 3.071446 4.166588 1.199843 hargrave 2026-07-23 09:31:54 
AF1250 208.8  35.3 208.8  35.3 1.17E-04 000.7 214.2 -45.7 2.777850 3.748299 1.074871 hargrave 2026-07-23 09:35:25 
AF1300 209.3  35.2 209.3  35.2 1.07E-04 000.7 214.7 -45.4 2.556061 3.465378 0.968552 hargrave 2026-07-23 09:38:53 
