D6A- 1249a unoriented drill core
   1249  90.0   0.0  90.0   0.0  25.4
NRM    102.2  34.3 102.2  34.3 8.02E-07 001.1 102.2  34.3 0.028424 0.015237 0.027142 hargrave 2026-07-22 14:49:53 
NRM    101.7  34.2 101.7  34.2 8.04E-07 001.0 101.7  34.2 0.026224 0.013450 0.025986 hargrave 2026-07-23 11:19:17 
AF  10 101.8  33.7 101.8  33.7 7.97E-07 001.0 101.8  33.7 0.025809 0.014110 0.026005 hargrave 2026-07-23 11:20:52 
AF  20 102.2  32.2 102.2  32.2 7.90E-07 001.0 102.2  32.2 0.024612 0.013349 0.026140 hargrave 2026-07-23 11:22:27 
AF  30 102.3  31.0 102.3  31.0 7.69E-07 001.0 102.3  31.0 0.024236 0.013964 0.025775 hargrave 2026-07-23 11:24:02 
AF  40 102.5  31.1 102.5  31.1 7.70E-07 000.8 102.5  31.1 0.024018 0.014003 0.013218 hargrave 2026-07-23 11:25:37 
AF  50 101.6  29.0 101.6  29.0 7.69E-07 000.7 101.6  29.0 0.023001 0.012157 0.012950 hargrave 2026-07-23 11:27:12 
AF  75 103.0  27.3 103.0  27.3 7.33E-07 000.7 103.0  27.3 0.021227 0.011389 0.011818 hargrave 2026-07-23 11:28:48 
AF 100 101.9  26.9 101.9  26.9 7.28E-07 000.8 101.9  26.9 0.021498 0.012121 0.010757 hargrave 2026-07-23 11:30:23 
AF 125 100.6  23.4 100.6  23.4 7.26E-07 000.7 100.6  23.4 0.020991 0.010336 0.010782 hargrave 2026-07-23 11:31:58 
AF 150 102.6  23.9 102.6  23.9 7.12E-07 000.7 102.6  23.9 0.018607 0.009109 0.011644 hargrave 2026-07-23 11:33:33 
AF 175 102.7  25.7 102.7  25.7 6.49E-07 000.7 102.7  25.7 0.019689 0.003437 0.009777 hargrave 2026-07-23 11:35:08 
AF 200 104.6  25.5 104.6  25.5 6.49E-07 000.8 104.6  25.5 0.021886 0.006740 0.009084 hargrave 2026-07-23 11:36:44 
AF 225 104.1  24.8 104.1  24.8 6.04E-07 000.7 104.1  24.8 0.018791 0.005212 0.007321 hargrave 2026-07-23 11:38:19 
AF 250 101.3  24.1 101.3  24.1 5.92E-07 000.7 101.3  24.1 0.017893 0.004193 0.007286 hargrave 2026-07-23 11:39:54 
AF 275 102.0  23.1 102.0  23.1 6.10E-07 000.7 102.0  23.1 0.016771 0.002971 0.009923 hargrave 2026-07-23 11:41:30 
AF 300 093.7  23.6 093.7  23.6 5.88E-07 000.8 093.7  23.6 0.016208 0.006127 0.013876 hargrave 2026-07-23 11:43:05 
AF 350 096.7  19.2 096.7  19.2 4.98E-07 000.7 096.7  19.2 0.012837 0.003608 0.008788 hargrave 2026-07-23 11:44:40 
AF 400 093.3  20.8 093.3  20.8 4.79E-07 000.9 093.3  20.8 0.015086 0.006375 0.011019 hargrave 2026-07-23 11:46:15 
AF 450 104.5  25.5 104.5  25.5 3.84E-07 000.8 104.5  25.5 0.013329 0.001116 0.004245 hargrave 2026-07-23 11:47:50 
AF 500 106.8  29.7 106.8  29.7 3.93E-07 001.0 106.8  29.7 0.014404 0.001752 0.008724 hargrave 2026-07-23 11:49:25 
AF 550 088.3  13.4 088.3  13.4 4.33E-07 000.9 088.3  13.4 0.014544 0.006479 0.008006 hargrave 2026-07-23 11:51:00 
AF 600 115.5  16.3 115.5  16.3 3.03E-07 000.9 115.5  16.3 0.009871 0.003924 0.004972 hargrave 2026-07-23 11:52:35 
AF 650 090.6  19.0 090.6  19.0 3.49E-07 000.7 090.6  19.0 0.010140 0.005953 0.003311 hargrave 2026-07-23 11:54:10 
AF 700 087.0  16.0 087.0  16.0 3.03E-07 000.8 087.0  16.0 0.009427 0.007265 0.002035 hargrave 2026-07-23 11:55:46 
AF 750 119.0  05.4 119.0  05.4 3.22E-07 000.9 119.0  05.4 0.009524 0.007038 0.005731 hargrave 2026-07-23 11:57:21 
AF 800 097.1  10.3 097.1  10.3 2.15E-07 000.9 097.1  10.3 0.008315 0.006395 0.001509 hargrave 2026-07-23 11:58:56 
AF 850 091.0  17.8 091.0  17.8 2.82E-07 000.9 091.0  17.8 0.009349 0.003077 0.005753 hargrave 2026-07-23 12:00:31 
AF 900 104.0  34.9 104.0  34.9 1.91E-07 001.7 104.0  34.9 0.011452 0.014337 0.001829 hargrave 2026-07-23 12:02:07 
AF 950 093.0  18.9 093.0  18.9 2.74E-07 001.1 093.0  18.9 0.010283 0.006016 0.007511 hargrave 2026-07-23 12:03:42 
AF1000 121.8  32.0 121.8  32.0 2.47E-07 001.3 121.8  32.0 0.012689 0.004438 0.006310 hargrave 2026-07-23 12:05:18 
AF1050 102.3  41.8 102.3  41.8 1.69E-07 002.3 102.3  41.8 0.012752 0.013295 0.003838 hargrave 2026-07-23 12:06:53 
AF1100 116.7  20.5 116.7  20.5 1.50E-07 001.5 116.7  20.5 0.008326 0.005902 0.004525 hargrave 2026-07-23 12:08:30 
AF1150 094.5  20.5 094.5  20.5 2.26E-07 001.2 094.5  20.5 0.009227 0.003708 0.006739 hargrave 2026-07-23 12:10:06 
AF1200 056.2  14.4 056.2  14.4 1.79E-07 001.8 056.2  14.4 0.011650 0.016389 0.004016 hargrave 2026-07-23 12:11:42 
AF1250 082.0  26.5 082.0  26.5 2.29E-07 001.1 082.0  26.5 0.009557 0.003776 0.005301 hargrave 2026-07-23 12:13:19 
AF1300 076.5  28.9 076.5  28.9 1.80E-07 001.7 076.5  28.9 0.007989 0.006798 0.009882 hargrave 2026-07-23 12:14:56 
