D6A- 1005a unoriented drill core
   1005  90.0  90.0  90.0   0.0  29.8
NRM    128.7  59.3 128.7  59.3 1.15E-03 000.4 155.1 -18.6 24.62354 12.35821 16.74708 hargrave 2026-07-22 19:48:40 
AF  10 126.7  56.8 126.7  56.8 1.10E-03 000.4 152.3 -19.1 21.74395 10.24465 16.52195 hargrave 2026-07-22 19:50:16 
AF  20 126.2  48.6 126.2  48.6 9.78E-04 000.4 144.6 -23.0 18.50082 8.282596 14.85506 hargrave 2026-07-22 19:51:51 
AF  30 126.4  38.8 126.4  38.8 8.67E-04 000.4 135.0 -27.5 14.36875 7.522213 13.02146 hargrave 2026-07-22 19:53:27 
AF  40 126.5  29.9 126.5  29.9 7.98E-04 000.4 125.6 -31.0 12.61166 7.769533 11.68346 hargrave 2026-07-22 19:55:02 
AF  50 126.3  25.9 126.3  25.9 7.63E-04 000.4 121.0 -32.2 11.23455 7.846884 10.94019 hargrave 2026-07-22 19:56:37 
AF  75 125.8  20.9 125.8  20.9 6.76E-04 000.4 115.2 -33.2 9.162801 7.786952 9.561708 hargrave 2026-07-22 19:58:13 
AF 100 125.8  19.4 125.8  19.4 5.90E-04 000.4 113.5 -33.5 7.470936 7.346427 8.429850 hargrave 2026-07-22 19:59:47 
AF 125 126.0  19.1 126.0  19.1 5.14E-04 000.4 113.2 -33.7 6.180240 6.629815 7.364666 hargrave 2026-07-22 20:01:22 
AF 150 126.2  18.9 126.2  18.9 4.53E-04 000.4 113.0 -34.0 5.352090 6.026341 6.245405 hargrave 2026-07-22 20:02:58 
AF 175 126.7  19.1 126.7  19.1 4.00E-04 000.4 113.4 -34.4 4.697396 5.633038 5.239866 hargrave 2026-07-22 20:04:32 
AF 200 126.6  18.7 126.6  18.7 3.63E-04 000.4 112.8 -34.4 4.277620 5.206576 4.408147 hargrave 2026-07-22 20:06:07 
AF 225 126.3  18.4 126.3  18.4 3.32E-04 000.4 112.4 -34.2 3.797134 4.764227 3.723492 hargrave 2026-07-22 20:07:42 
AF 250 126.6  18.3 126.6  18.3 3.08E-04 000.4 112.4 -34.5 3.779779 4.498117 3.102419 hargrave 2026-07-22 20:09:16 
AF 275 126.8  18.1 126.8  18.1 2.86E-04 000.4 112.2 -34.7 3.407555 4.341430 2.938842 hargrave 2026-07-22 20:10:51 
AF 300 126.8  17.6 126.8  17.6 2.72E-04 000.4 111.7 -34.9 3.236648 4.087772 2.479755 hargrave 2026-07-22 20:12:26 
AF 350 127.2  17.4 127.2  17.4 2.52E-04 000.4 111.5 -35.3 3.123688 3.828712 2.186604 hargrave 2026-07-22 20:14:01 
AF 400 126.4  17.2 126.4  17.2 2.35E-04 000.4 111.1 -34.5 2.931951 3.691060 2.067817 hargrave 2026-07-22 20:15:36 
AF 450 127.1  17.3 127.1  17.3 2.24E-04 000.4 111.3 -35.2 2.713702 3.526576 1.909248 hargrave 2026-07-22 20:17:10 
AF 500 127.1  17.3 127.1  17.3 2.13E-04 000.3 111.4 -35.2 2.564684 3.587953 1.513666 hargrave 2026-07-22 20:19:41 
AF 550 127.1  17.3 127.1  17.3 2.04E-04 000.4 111.3 -35.2 2.527872 3.366876 1.627413 hargrave 2026-07-22 20:21:16 
AF 600 126.9  17.7 126.9  17.7 2.01E-04 000.4 111.8 -34.9 2.442203 3.113257 1.777183 hargrave 2026-07-22 20:22:51 
AF 650 127.6  17.3 127.6  17.3 1.92E-04 000.4 111.5 -35.6 2.558248 3.150739 1.374976 hargrave 2026-07-22 20:24:26 
AF 700 127.5  16.8 127.5  16.8 1.83E-04 000.3 110.9 -35.6 2.346557 2.903946 1.398410 hargrave 2026-07-22 20:26:00 
AF 750 128.2  17.8 128.2  17.8 1.80E-04 000.4 112.3 -36.1 2.293330 3.119595 1.331532 hargrave 2026-07-22 20:27:35 
AF 800 126.9  18.0 126.9  18.0 1.72E-04 000.3 112.2 -34.8 2.134440 2.690563 1.215262 hargrave 2026-07-22 20:29:10 
AF 850 127.2  18.1 127.2  18.1 1.69E-04 000.3 112.3 -35.0 2.091572 2.593238 1.205781 hargrave 2026-07-22 20:30:45 
AF 900 127.4  18.4 127.4  18.4 1.60E-04 000.3 112.7 -35.2 2.007106 2.663451 1.175911 hargrave 2026-07-22 20:32:20 
AF 950 128.4  18.1 128.4  18.1 1.58E-04 000.3 112.6 -36.2 1.892491 2.695074 1.081551 hargrave 2026-07-22 20:34:51 
AF1000 127.4  17.9 127.4  17.9 1.50E-04 000.3 112.1 -35.3 1.806959 2.336580 1.016678 hargrave 2026-07-22 20:36:27 
AF1050 127.8  18.5 127.8  18.5 1.45E-04 000.3 112.9 -35.5 1.808323 2.317286 0.982113 hargrave 2026-07-22 20:38:02 
AF1100 127.6  18.1 127.6  18.1 1.38E-04 000.3 112.4 -35.5 1.710630 2.212236 0.842297 hargrave 2026-07-22 20:39:38 
AF1150 127.3  19.7 127.3  19.7 1.30E-04 000.3 114.2 -34.8 1.540309 1.894484 0.855444 hargrave 2026-07-22 20:41:13 
AF1200 128.3  18.8 128.3  18.8 1.28E-04 000.3 113.4 -35.9 1.594977 1.980024 0.953454 hargrave 2026-07-22 20:42:50 
AF1250 127.1  19.3 127.1  19.3 1.19E-04 000.3 113.7 -34.7 1.480993 1.806837 0.868534 hargrave 2026-07-22 20:44:26 
AF1300 127.9  20.7 127.9  20.7 1.11E-04 000.3 115.6 -35.1 1.298739 1.949652 0.656039 hargrave 2026-07-22 20:46:03 
