D6A- 163a unoriented drill core
    163  90.0  90.0  90.0   0.0  30.5
NRM    268.8  33.2 268.8  33.2 5.72E-04 000.3 236.8 -01.0 12.51530 6.185433 0.247502 hargrave 2026-07-25 04:11:38 
AF  10 268.7  30.2 268.7  30.2 5.60E-04 000.3 239.8 -01.2 11.67942 5.699000 0.363941 hargrave 2026-07-25 04:15:06 
AF  20 268.7  24.0 268.7  24.0 5.39E-04 000.3 246.0 -01.2 10.88416 4.979313 1.555212 hargrave 2026-07-25 04:18:33 
AF  30 268.7  19.9 268.7  19.9 5.25E-04 000.3 250.1 -01.3 9.869404 4.461295 2.198424 hargrave 2026-07-25 04:21:59 
AF  40 268.5  17.9 268.5  17.9 5.07E-04 000.3 252.1 -01.4 9.225440 4.223684 2.456136 hargrave 2026-07-25 04:25:26 
AF  50 268.3  17.1 268.3  17.1 4.89E-04 000.3 252.9 -01.6 8.219924 4.210797 2.453666 hargrave 2026-07-25 04:28:52 
AF  75 267.4  17.1 267.4  17.1 4.26E-04 000.3 252.9 -02.5 6.883288 3.994503 2.069022 hargrave 2026-07-25 04:32:19 
AF 100 266.3  18.1 266.3  18.1 3.66E-04 000.3 251.9 -03.5 5.868868 3.843824 1.422739 hargrave 2026-07-25 04:35:45 
AF 125 265.2  19.6 265.2  19.6 3.18E-04 000.3 250.4 -04.5 5.002743 3.737189 0.903099 hargrave 2026-07-25 04:39:12 
AF 150 264.1  21.3 264.1  21.3 2.79E-04 000.2 248.6 -05.5 4.249548 3.809710 0.599846 hargrave 2026-07-25 04:42:38 
AF 175 263.2  22.8 263.2  22.8 2.53E-04 000.2 247.0 -06.2 4.024530 3.797483 0.650261 hargrave 2026-07-25 04:46:06 
AF 200 262.2  24.1 262.2  24.1 2.26E-04 000.2 245.7 -07.1 3.554367 3.721152 0.822066 hargrave 2026-07-25 04:49:33 
AF 225 261.3  25.8 261.3  25.8 2.07E-04 000.1 243.9 -07.9 3.213814 3.435553 1.000794 hargrave 2026-07-25 04:52:59 
AF 250 260.6  26.8 260.6  26.8 1.94E-04 000.2 242.9 -08.4 3.309323 3.703795 1.183702 hargrave 2026-07-25 04:56:26 
AF 275 259.8  28.0 259.8  28.0 1.78E-04 000.2 241.6 -09.0 3.028901 3.602969 1.203258 hargrave 2026-07-25 04:59:52 
AF 300 259.0  29.5 259.0  29.5 1.68E-04 000.2 240.1 -09.5 2.963048 3.523278 1.331085 hargrave 2026-07-25 05:03:19 
AF 350 257.6  30.6 257.6  30.6 1.51E-04 000.2 238.8 -10.7 2.743758 3.436307 1.350897 hargrave 2026-07-25 05:06:45 
AF 400 256.5  31.9 256.5  31.9 1.38E-04 000.2 237.4 -11.4 2.575681 3.262889 1.483497 hargrave 2026-07-25 05:10:12 
AF 450 256.0  32.8 256.0  32.8 1.27E-04 000.2 236.4 -11.8 2.372449 3.027454 1.473576 hargrave 2026-07-25 05:13:38 
AF 500 255.4  32.5 255.4  32.5 1.18E-04 000.2 236.7 -12.2 2.157879 2.870548 1.384837 hargrave 2026-07-25 05:17:05 
AF 550 255.4  33.5 255.4  33.5 1.08E-04 000.2 235.7 -12.2 1.944263 3.240530 1.305506 hargrave 2026-07-25 05:20:32 
AF 600 254.0  33.8 254.0  33.8 1.01E-04 000.2 235.2 -13.2 1.823896 2.506159 1.394421 hargrave 2026-07-25 05:23:58 
AF 650 254.6  33.8 254.6  33.8 9.36E-05 000.2 235.2 -12.8 1.646118 2.319081 1.156240 hargrave 2026-07-25 05:27:25 
AF 700 253.7  34.1 253.7  34.1 8.54E-05 000.2 234.8 -13.4 1.498679 2.208756 1.189758 hargrave 2026-07-25 05:30:52 
AF 750 253.2  33.2 253.2  33.2 7.88E-05 000.2 235.7 -14.0 1.339357 1.808897 1.038932 hargrave 2026-07-25 05:34:18 
AF 800 254.0  32.6 254.0  32.6 7.38E-05 000.2 236.4 -13.4 1.215711 1.833892 0.898885 hargrave 2026-07-25 05:37:45 
AF 850 253.9  33.6 253.9  33.6 6.73E-05 000.2 235.3 -13.4 1.192541 1.845562 0.831857 hargrave 2026-07-25 05:41:12 
AF 900 254.9  31.8 254.9  31.8 6.17E-05 000.2 237.2 -12.8 1.037126 1.590497 0.735758 hargrave 2026-07-25 05:44:39 
AF 950 253.2  31.5 253.2  31.5 5.52E-05 000.2 237.4 -14.3 0.843095 1.295987 0.615313 hargrave 2026-07-25 05:48:06 
AF1000 254.7  31.1 254.7  31.1 5.24E-05 000.2 238.0 -13.1 0.849583 1.322451 0.574051 hargrave 2026-07-25 05:51:33 
AF1050 255.4  30.6 255.4  30.6 4.80E-05 000.1 238.6 -12.5 0.810367 1.104843 0.415237 hargrave 2026-07-25 05:55:00 
AF1100 254.6  31.5 254.6  31.5 4.45E-05 000.1 237.5 -13.1 0.719488 1.026581 0.443089 hargrave 2026-07-25 05:58:28 
AF1150 256.4  28.4 256.4  28.4 4.13E-05 000.2 240.9 -12.0 0.736899 0.971637 0.416186 hargrave 2026-07-25 06:01:56 
AF1200 254.9  29.9 254.9  29.9 3.74E-05 000.2 239.2 -13.0 0.693800 0.717236 0.272492 hargrave 2026-07-25 06:04:28 
AF1250 257.5  27.4 257.5  27.4 3.54E-05 000.2 242.0 -11.1 0.549624 0.704260 0.351484 hargrave 2026-07-25 06:06:05 
AF1300 259.9  24.5 259.9  24.5 3.27E-05 000.2 245.1 -09.2 0.562082 0.667212 0.319202 hargrave 2026-07-25 06:07:42 
