D6A- 238a unoriented drill core
    238  90.0  90.0  90.0   0.0  30.8
NRM    139.1  49.5 139.1  49.5 5.48E-04 000.4 150.8 -29.4 4.964347 7.688339 12.46977 hargrave 2026-07-25 06:11:17 
AF  10 142.8  45.0 142.8  45.0 5.08E-04 000.5 148.8 -34.3 4.081541 8.112276 13.13074 hargrave 2026-07-25 06:14:44 
AF  20 145.8  35.8 145.8  35.8 4.27E-04 000.6 142.1 -42.1 4.221654 7.765880 11.27946 hargrave 2026-07-25 06:17:14 
AF  30 147.9  28.0 147.9  28.0 3.76E-04 000.6 135.0 -48.5 5.032915 7.673886 9.732331 hargrave 2026-07-25 06:18:49 
AF  40 149.7  23.1 149.7  23.1 3.47E-04 000.7 130.2 -52.6 5.546329 7.793442 8.847045 hargrave 2026-07-25 06:20:24 
AF  50 150.5  20.9 150.5  20.9 3.27E-04 000.7 127.8 -54.4 5.743575 7.732859 8.140102 hargrave 2026-07-25 06:21:59 
AF  75 153.0  17.9 153.0  17.9 2.80E-04 000.8 125.5 -58.0 5.831492 7.518661 6.691058 hargrave 2026-07-25 06:23:34 
AF 100 154.3  16.7 154.3  16.7 2.43E-04 000.8 124.6 -59.7 5.438710 6.996751 5.414470 hargrave 2026-07-25 06:26:05 
AF 125 155.0  16.4 155.0  16.4 2.16E-04 000.8 124.9 -60.4 4.934925 6.299709 4.598412 hargrave 2026-07-25 06:27:40 
AF 150 155.2  16.0 155.2  16.0 1.95E-04 000.8 124.3 -60.8 4.486588 5.820339 4.088755 hargrave 2026-07-25 06:29:15 
AF 175 155.6  16.6 155.6  16.6 1.75E-04 000.8 125.7 -60.8 4.097610 5.262523 3.590476 hargrave 2026-07-25 06:30:50 
AF 200 155.0  17.0 155.0  17.0 1.62E-04 000.8 125.9 -60.1 3.749794 4.847996 3.213074 hargrave 2026-07-25 06:32:25 
AF 225 153.8  17.6 153.8  17.6 1.48E-04 000.8 125.7 -58.8 3.356445 4.364174 2.873613 hargrave 2026-07-25 06:34:00 
AF 250 153.2  18.9 153.2  18.9 1.37E-04 000.7 127.2 -57.6 3.024494 4.024030 2.699420 hargrave 2026-07-25 06:35:35 
AF 275 153.7  19.5 153.7  19.5 1.30E-04 000.8 128.7 -57.7 2.936384 3.869143 2.682219 hargrave 2026-07-25 06:37:10 
AF 300 151.9  20.5 151.9  20.5 1.21E-04 000.8 128.4 -55.7 2.721872 3.580618 2.477560 hargrave 2026-07-25 06:38:45 
AF 350 150.8  22.1 150.8  22.1 1.09E-04 000.7 129.9 -54.0 2.312558 3.134250 2.259695 hargrave 2026-07-25 06:40:20 
AF 400 150.3  23.6 150.3  23.6 9.79E-05 000.7 131.4 -52.8 2.040596 2.810609 2.047693 hargrave 2026-07-25 06:41:55 
AF 450 149.0  24.8 149.0  24.8 9.22E-05 000.7 131.9 -51.1 1.893479 2.528997 2.026492 hargrave 2026-07-25 06:45:22 
AF 500 148.4  25.1 148.4  25.1 8.46E-05 000.7 131.8 -50.5 1.718932 2.302835 1.772727 hargrave 2026-07-25 06:48:48 
AF 550 150.1  25.2 150.1  25.2 7.97E-05 000.7 133.3 -51.7 1.710470 2.312785 1.799500 hargrave 2026-07-25 06:52:15 
AF 600 150.7  26.2 150.7  26.2 7.51E-05 000.7 135.1 -51.5 1.570935 2.291596 1.602830 hargrave 2026-07-25 06:55:42 
AF 650 151.0  26.7 151.0  26.7 7.02E-05 000.7 136.0 -51.4 1.451835 1.968903 1.555075 hargrave 2026-07-25 06:59:09 
AF 700 150.5  27.1 150.5  27.1 6.70E-05 000.7 136.1 -50.8 1.397119 1.963145 1.261376 hargrave 2026-07-25 07:02:37 
AF 750 151.0  28.2 151.0  28.2 6.28E-05 000.7 137.9 -50.4 1.238758 1.765601 1.141362 hargrave 2026-07-25 07:06:04 
AF 800 153.1  28.0 153.1  28.0 5.94E-05 000.7 139.6 -51.9 1.078385 1.642264 1.110131 hargrave 2026-07-25 07:09:31 
AF 850 153.1  27.3 153.1  27.3 5.71E-05 000.7 138.8 -52.5 1.111465 1.568442 1.146835 hargrave 2026-07-25 07:12:59 
AF 900 154.0  26.0 154.0  26.0 5.26E-05 000.7 138.1 -53.9 1.159426 1.621558 0.947644 hargrave 2026-07-25 07:16:27 
AF 950 156.3  27.8 156.3  27.8 4.96E-05 000.7 142.7 -54.1 0.979047 1.474814 0.857337 hargrave 2026-07-25 07:19:54 
AF1000 153.6  26.0 153.6  26.0 4.68E-05 000.6 137.6 -53.6 0.883417 1.307708 0.746906 hargrave 2026-07-25 07:23:23 
AF1050 161.6  24.7 161.6  24.7 4.45E-05 000.8 145.6 -59.5 1.056432 1.567040 0.766589 hargrave 2026-07-25 07:26:52 
AF1100 157.3  25.4 157.3  25.4 4.37E-05 000.7 140.9 -56.4 0.951251 1.389473 0.696695 hargrave 2026-07-25 07:30:20 
AF1150 161.1  24.1 161.1  24.1 4.23E-05 000.7 144.0 -59.7 0.907321 1.341828 0.640217 hargrave 2026-07-25 07:33:49 
AF1200 161.6  20.7 161.6  20.7 3.98E-05 000.8 140.2 -62.6 0.919781 1.352182 0.527828 hargrave 2026-07-25 07:37:17 
AF1250 163.1  20.7 163.1  20.7 3.58E-05 000.7 142.4 -63.5 0.803186 1.179591 0.486108 hargrave 2026-07-25 07:40:45 
AF1300 168.1  18.5 168.1  18.5 3.74E-05 000.8 148.4 -68.1 0.965964 1.382622 0.494403 hargrave 2026-07-25 07:44:15 
