D6A- 1264a unoriented drill core
   1264  90.0   0.0  90.0   0.0  19.2
NRM    194.2  38.0 194.2  38.0 4.56E-06 000.7 194.2  38.0 0.068949 0.066874 0.059933 hargrave 2026-07-22 14:40:31 
NRM    193.8  38.7 193.8  38.7 4.54E-06 001.3 193.8  38.7 0.055135 0.181889 0.056124 hargrave 2026-07-23 12:17:53 
AF  10 194.0  38.3 194.0  38.3 4.58E-06 000.7 194.0  38.3 0.053965 0.062740 0.070950 hargrave 2026-07-23 12:19:29 
AF  20 193.0  37.6 193.0  37.6 4.59E-06 000.7 193.0  37.6 0.052141 0.062227 0.067235 hargrave 2026-07-23 12:21:03 
AF  30 192.0  36.9 192.0  36.9 4.57E-06 000.7 192.0  36.9 0.054132 0.084131 0.065298 hargrave 2026-07-23 12:22:38 
AF  40 190.9  36.5 190.9  36.5 4.58E-06 000.8 190.9  36.5 0.054872 0.088452 0.064554 hargrave 2026-07-23 12:24:13 
AF  50 190.5  36.1 190.5  36.1 4.57E-06 000.7 190.5  36.1 0.053570 0.086795 0.061979 hargrave 2026-07-23 12:25:47 
AF  75 189.4  35.6 189.4  35.6 4.48E-06 000.7 189.4  35.6 0.051538 0.086705 0.059315 hargrave 2026-07-23 12:27:21 
AF 100 189.0  35.4 189.0  35.4 4.37E-06 000.8 189.0  35.4 0.049015 0.085833 0.059191 hargrave 2026-07-23 12:28:55 
AF 125 188.8  35.3 188.8  35.3 4.25E-06 000.8 188.8  35.3 0.045501 0.085043 0.057240 hargrave 2026-07-23 12:30:30 
AF 150 188.7  34.6 188.7  34.6 4.13E-06 000.8 188.7  34.6 0.041086 0.083331 0.055816 hargrave 2026-07-23 12:32:05 
AF 175 188.6  34.7 188.6  34.7 4.01E-06 000.7 188.6  34.7 0.048064 0.082121 0.054606 hargrave 2026-07-23 12:33:40 
AF 200 187.5  34.6 187.5  34.6 3.89E-06 000.8 187.5  34.6 0.061779 0.081060 0.053376 hargrave 2026-07-23 12:35:14 
AF 225 187.2  33.6 187.2  33.6 3.80E-06 000.7 187.2  33.6 0.084740 0.034200 0.053077 hargrave 2026-07-23 12:36:49 
AF 250 188.8  34.0 188.8  34.0 3.67E-06 000.7 188.8  34.0 0.084068 0.035628 0.049757 hargrave 2026-07-23 12:38:23 
AF 275 189.7  33.6 189.7  33.6 3.56E-06 000.7 189.7  33.6 0.082627 0.036487 0.047714 hargrave 2026-07-23 12:39:58 
AF 300 190.4  34.0 190.4  34.0 3.42E-06 000.7 190.4  34.0 0.069735 0.038376 0.045286 hargrave 2026-07-23 12:41:33 
AF 350 189.9  33.7 189.9  33.7 3.24E-06 000.8 189.9  33.7 0.060963 0.049384 0.044179 hargrave 2026-07-23 12:43:07 
AF 400 190.1  32.9 190.1  32.9 3.06E-06 000.8 190.1  32.9 0.060939 0.046011 0.040487 hargrave 2026-07-23 12:44:42 
AF 450 189.6  33.2 189.6  33.2 2.85E-06 000.9 189.6  33.2 0.066060 0.046502 0.041262 hargrave 2026-07-23 12:46:16 
AF 500 190.2  33.1 190.2  33.1 2.72E-06 000.9 190.2  33.1 0.069828 0.047397 0.040989 hargrave 2026-07-23 12:47:51 
AF 550 190.3  32.9 190.3  32.9 2.54E-06 000.9 190.3  32.9 0.056695 0.047542 0.037169 hargrave 2026-07-23 12:49:25 
AF 600 188.5  31.4 188.5  31.4 2.41E-06 001.1 188.5  31.4 0.049128 0.068641 0.037954 hargrave 2026-07-23 12:50:59 
AF 650 188.1  31.1 188.1  31.1 2.24E-06 001.0 188.1  31.1 0.076050 0.039687 0.037133 hargrave 2026-07-23 12:52:34 
AF 700 188.2  30.4 188.2  30.4 2.15E-06 001.1 188.2  30.4 0.078361 0.041712 0.035920 hargrave 2026-07-23 12:54:08 
AF 750 187.3  29.7 187.3  29.7 1.97E-06 001.3 187.3  29.7 0.081862 0.058794 0.034128 hargrave 2026-07-23 12:55:42 
AF 800 187.1  30.3 187.1  30.3 1.86E-06 001.4 187.1  30.3 0.078947 0.061335 0.031476 hargrave 2026-07-23 12:57:16 
AF 850 187.0  30.3 187.0  30.3 1.76E-06 001.3 187.0  30.3 0.051228 0.063041 0.029809 hargrave 2026-07-23 12:58:51 
AF 900 187.1  28.5 187.1  28.5 1.66E-06 001.4 187.1  28.5 0.052861 0.064145 0.029318 hargrave 2026-07-23 13:00:25 
AF 950 188.0  26.3 188.0  26.3 1.55E-06 001.0 188.0  26.3 0.051834 0.029730 0.029544 hargrave 2026-07-23 13:02:00 
AF1000 186.3  24.7 186.3  24.7 1.51E-06 001.0 186.3  24.7 0.051296 0.029837 0.028517 hargrave 2026-07-23 13:03:35 
AF1050 186.4  24.7 186.4  24.7 1.41E-06 001.1 186.4  24.7 0.055483 0.028773 0.027267 hargrave 2026-07-23 13:05:10 
AF1100 186.7  23.6 186.7  23.6 1.30E-06 001.2 186.7  23.6 0.062477 0.029948 0.027052 hargrave 2026-07-23 13:06:46 
AF1150 185.4  26.1 185.4  26.1 1.25E-06 001.0 185.4  26.1 0.064366 0.028425 0.007972 hargrave 2026-07-23 13:08:22 
AF1200 185.8  24.3 185.8  24.3 1.20E-06 001.1 185.8  24.3 0.069775 0.030322 0.008183 hargrave 2026-07-23 13:09:59 
AF1250 187.2  24.3 187.2  24.3 1.19E-06 001.2 187.2  24.3 0.072103 0.029162 0.008974 hargrave 2026-07-23 13:11:35 
AF1300 186.8  25.6 186.8  25.6 1.08E-06 001.3 186.8  25.6 0.076204 0.027861 0.009187 hargrave 2026-07-23 13:13:13 
