D6A- 478a unoriented drill core
    478  90.0  90.0  90.0   0.0  30.5
NRM    070.2  58.3 070.2  58.3 5.85E-04 000.5 149.8  10.3 13.82371 7.708128 11.03597 hargrave 2026-07-22 22:49:29 
AF  10 069.6  57.9 069.6  57.9 5.53E-04 000.5 149.6  10.7 12.59738 5.970987 9.886223 hargrave 2026-07-22 22:53:29 
AF  20 065.9  54.1 065.9  54.1 4.91E-04 000.5 146.6  13.8 12.40874 5.403848 8.643649 hargrave 2026-07-22 22:57:18 
AF  30 063.0  50.0 063.0  50.0 4.43E-04 000.4 143.2  16.9 11.05400 4.876460 8.036539 hargrave 2026-07-22 23:00:44 
AF  40 061.0  46.7 061.0  46.7 4.09E-04 000.5 140.5  19.4 10.70913 4.646752 7.829667 hargrave 2026-07-22 23:04:22 
AF  50 059.9  45.1 059.9  45.1 3.92E-04 000.4 139.2  20.8 9.953322 4.297131 7.738392 hargrave 2026-07-22 23:07:48 
AF  75 058.0  42.9 058.0  42.9 3.58E-04 000.4 137.6  22.8 8.911719 3.987337 7.255395 hargrave 2026-07-22 23:11:36 
AF 100 057.2  42.4 057.2  42.4 3.31E-04 000.4 137.4  23.6 7.937354 3.799580 6.678512 hargrave 2026-07-22 23:15:02 
AF 125 056.5  42.6 056.5  42.6 3.08E-04 000.4 137.8  24.0 7.254240 3.415451 6.121271 hargrave 2026-07-22 23:18:27 
AF 150 056.3  43.1 056.3  43.1 2.88E-04 000.4 138.4  23.9 6.340755 3.058953 5.521000 hargrave 2026-07-22 23:21:53 
AF 175 056.2  44.0 056.2  44.0 2.70E-04 000.4 139.3  23.5 6.419462 2.650324 4.951833 hargrave 2026-07-22 23:25:40 
AF 200 056.3  44.5 056.3  44.5 2.54E-04 000.3 139.7  23.3 5.435760 2.135336 4.462875 hargrave 2026-07-22 23:29:16 
AF 225 056.6  45.0 056.6  45.0 2.40E-04 000.3 140.1  22.9 5.001505 2.069483 4.143601 hargrave 2026-07-22 23:32:41 
AF 250 056.5  45.4 056.5  45.4 2.27E-04 000.3 140.6  22.8 3.847535 1.057649 3.770070 hargrave 2026-07-22 23:36:16 
AF 275 056.9  45.9 056.9  45.9 2.16E-04 000.3 141.0  22.3 4.230366 1.433352 3.481893 hargrave 2026-07-22 23:39:40 
AF 300 056.3  46.7 056.3  46.7 2.06E-04 000.3 141.9  22.4 3.909693 1.424052 3.283221 hargrave 2026-07-22 23:43:26 
AF 350 057.2  46.6 057.2  46.6 1.89E-04 000.3 141.5  21.9 3.268945 1.105073 2.934321 hargrave 2026-07-22 23:47:25 
AF 400 056.6  46.7 056.6  46.7 1.75E-04 000.3 141.8  22.2 3.062667 1.049830 2.644819 hargrave 2026-07-22 23:49:56 
AF 450 057.3  46.7 057.3  46.7 1.64E-04 000.3 141.6  21.7 2.850563 1.114748 2.420378 hargrave 2026-07-22 23:51:30 
AF 500 056.7  46.8 056.7  46.8 1.55E-04 000.3 141.9  22.1 2.828778 1.130922 2.302992 hargrave 2026-07-22 23:53:17 
AF 550 057.5  46.5 057.5  46.5 1.45E-04 000.3 141.4  21.7 2.599832 1.003446 2.095502 hargrave 2026-07-22 23:54:52 
AF 600 057.8  46.3 057.8  46.3 1.37E-04 000.3 141.1  21.6 2.380012 1.052461 2.048577 hargrave 2026-07-22 23:56:27 
AF 650 058.3  45.6 058.3  45.6 1.29E-04 000.3 140.2  21.6 2.259640 1.019036 1.860270 hargrave 2026-07-22 23:58:13 
AF 700 059.7  45.1 059.7  45.1 1.22E-04 000.3 139.3  20.9 2.176285 0.934363 1.696732 hargrave 2026-07-22 23:59:59 
AF 750 058.4  46.3 058.4  46.3 1.15E-04 000.3 140.9  21.3 2.077047 0.905194 1.599376 hargrave 2026-07-23 00:01:34 
AF 800 059.2  46.1 059.2  46.1 1.10E-04 000.3 140.4  20.8 2.009052 0.833471 1.516622 hargrave 2026-07-23 00:03:08 
AF 850 059.4  44.6 059.4  44.6 1.03E-04 000.3 138.9  21.3 2.013110 0.844214 1.398073 hargrave 2026-07-23 00:04:44 
AF 900 058.0  44.7 058.0  44.7 9.71E-05 000.3 139.4  22.1 1.934613 0.934417 1.404273 hargrave 2026-07-23 00:06:19 
AF 950 059.8  45.0 059.8  45.0 8.97E-05 000.3 139.2  20.8 1.749085 0.818906 1.195725 hargrave 2026-07-23 00:07:55 
AF1000 060.4  45.1 060.4  45.1 8.45E-05 000.4 139.1  20.4 1.782895 0.892043 1.168289 hargrave 2026-07-23 00:09:30 
AF1050 059.3  44.7 059.3  44.7 7.98E-05 000.4 139.0  21.3 1.639913 0.803059 1.128112 hargrave 2026-07-23 00:11:06 
AF1100 058.6  44.4 058.6  44.4 7.40E-05 000.4 138.9  21.8 1.574077 0.821134 1.027739 hargrave 2026-07-23 00:12:43 
AF1150 061.0  45.8 061.0  45.8 6.83E-05 000.4 139.6  19.7 1.481701 0.695240 0.922870 hargrave 2026-07-23 00:14:19 
AF1200 060.6  46.0 060.6  46.0 6.42E-05 000.4 139.9  19.9 1.432157 0.728141 0.952877 hargrave 2026-07-23 00:15:55 
AF1250 059.8  47.4 059.8  47.4 5.84E-05 000.4 141.5  19.9 1.314792 0.634975 0.767610 hargrave 2026-07-23 00:17:32 
AF1300 059.4  46.6 059.4  46.6 5.39E-05 000.4 140.9  20.5 1.229982 0.646667 0.769044 hargrave 2026-07-23 00:19:09 
