D6A- 1110a unoriented drill core
   1110  90.0  90.0  90.0   0.0  31.4
NRM    170.8  63.5 170.8  63.5 7.04E-04 000.5 175.4 -26.2 9.471633 15.36333 12.26319 hargrave 2026-07-22 14:47:21 
NRM    169.6  63.5 169.6  63.5 7.07E-04 000.5 174.9 -26.0 13.56886 18.33579 13.33088 hargrave 2026-07-23 09:40:31 
AF  10 168.3  60.5 168.3  60.5 6.35E-04 000.6 173.5 -28.8 13.48313 18.37484 12.32695 hargrave 2026-07-23 09:43:57 
AF  20 168.6  51.4 168.6  51.4 5.18E-04 000.6 171.1 -37.7 11.19983 15.63047 10.21718 hargrave 2026-07-23 09:47:27 
AF  30 169.3  40.4 169.3  40.4 4.34E-04 000.6 167.7 -48.4 9.610916 13.25411 8.355790 hargrave 2026-07-23 09:50:55 
AF  40 170.0  31.7 170.0  31.7 3.90E-04 000.6 164.2 -56.9 8.928184 11.96632 7.288346 hargrave 2026-07-23 09:54:20 
AF  50 170.1  27.9 170.1  27.9 3.72E-04 000.6 162.0 -60.5 8.572340 11.44640 6.814479 hargrave 2026-07-23 09:57:45 
AF  75 170.2  22.9 170.2  22.9 3.29E-04 000.7 158.1 -65.2 7.895197 10.26686 5.875968 hargrave 2026-07-23 10:00:15 
AF 100 170.1  20.7 170.1  20.7 2.90E-04 000.7 155.5 -67.1 7.158735 9.342433 5.068014 hargrave 2026-07-23 10:01:49 
AF 125 169.6  19.5 169.6  19.5 2.62E-04 000.7 153.0 -68.0 6.665794 8.641051 4.455059 hargrave 2026-07-23 10:03:24 
AF 150 169.4  18.8 169.4  18.8 2.42E-04 000.7 151.7 -68.5 6.275833 8.177089 4.092489 hargrave 2026-07-23 10:04:58 
AF 175 169.9  18.2 169.9  18.2 2.30E-04 000.7 151.9 -69.2 6.019053 7.913555 3.886795 hargrave 2026-07-23 10:06:33 
AF 200 168.9  18.0 168.9  18.0 2.18E-04 000.7 149.3 -68.9 5.760366 7.499956 3.718835 hargrave 2026-07-23 10:08:08 
AF 225 169.2  18.5 169.2  18.5 2.11E-04 000.7 150.9 -68.6 5.620295 7.317027 3.697946 hargrave 2026-07-23 10:09:42 
AF 250 168.8  18.3 168.8  18.3 2.04E-04 000.7 149.5 -68.6 5.369015 6.884754 3.575345 hargrave 2026-07-23 10:11:16 
AF 275 168.1  18.3 168.1  18.3 1.99E-04 000.7 148.2 -68.3 5.342539 6.950695 3.561921 hargrave 2026-07-23 10:12:51 
AF 300 169.0  18.2 169.0  18.2 1.94E-04 000.7 150.0 -68.8 5.219211 6.697114 3.434317 hargrave 2026-07-23 10:14:25 
AF 350 169.5  19.1 169.5  19.1 1.88E-04 000.7 152.3 -68.3 5.098434 6.565971 3.400064 hargrave 2026-07-23 10:16:00 
AF 400 180.4  20.4 180.4  20.4 1.78E-04 000.8 181.1 -69.6 5.166464 6.711905 3.202681 hargrave 2026-07-23 10:17:34 
AF 450 167.7  20.3 167.7  20.3 1.73E-04 000.7 150.1 -66.4 4.665692 6.124400 3.384531 hargrave 2026-07-23 10:20:04 
AF 500 169.6  20.9 169.6  20.9 1.70E-04 000.7 154.7 -66.8 4.564151 5.914251 3.202790 hargrave 2026-07-23 10:21:38 
AF 550 168.7  21.1 168.7  21.1 1.67E-04 000.7 153.1 -66.2 4.614004 5.875305 3.196880 hargrave 2026-07-23 10:25:04 
AF 600 169.3  22.1 169.3  22.1 1.62E-04 000.7 155.3 -65.6 4.518405 5.849460 3.143328 hargrave 2026-07-23 10:28:29 
AF 650 168.7  22.6 168.7  22.6 1.57E-04 000.7 154.9 -64.9 4.371358 5.522220 3.109529 hargrave 2026-07-23 10:31:54 
AF 700 168.4  23.0 168.4  23.0 1.54E-04 000.7 154.6 -64.4 4.176891 5.358164 3.015037 hargrave 2026-07-23 10:35:20 
AF 750 169.4  24.0 169.4  24.0 1.51E-04 000.7 157.5 -63.8 4.237516 5.437927 2.933177 hargrave 2026-07-23 10:38:45 
AF 800 167.7  23.9 167.7  23.9 1.47E-04 000.7 154.4 -63.3 3.969573 5.143013 2.923362 hargrave 2026-07-23 10:42:10 
AF 850 168.6  24.4 168.6  24.4 1.43E-04 000.7 156.5 -63.2 3.898709 4.978619 2.790694 hargrave 2026-07-23 10:45:36 
AF 900 168.6  25.1 168.6  25.1 1.38E-04 000.7 157.1 -62.6 3.743778 4.891644 2.845570 hargrave 2026-07-23 10:49:02 
AF 950 169.2  25.6 169.2  25.6 1.35E-04 000.7 158.7 -62.3 3.805950 4.967428 2.736029 hargrave 2026-07-23 10:52:28 
AF1000 168.0  25.3 168.0  25.3 1.32E-04 000.7 156.3 -62.1 3.584112 4.628834 2.698035 hargrave 2026-07-23 10:55:56 
AF1050 168.4  26.1 168.4  26.1 1.27E-04 000.7 157.6 -61.6 3.526933 4.624196 2.569935 hargrave 2026-07-23 10:59:23 
AF1100 197.0  26.4 197.0  26.4 1.29E-04 000.8 210.5 -59.0 3.976466 5.142477 2.201300 hargrave 2026-07-23 11:02:51 
AF1150 168.8  27.1 168.8  27.1 1.17E-04 000.7 159.2 -60.9 3.199569 4.115264 2.356625 hargrave 2026-07-23 11:06:19 
AF1200 170.0  27.7 170.0  27.7 1.13E-04 000.7 161.8 -60.6 3.169222 4.125369 2.315582 hargrave 2026-07-23 11:09:48 
AF1250 169.2  27.6 169.2  27.6 1.08E-04 000.7 160.3 -60.6 3.031558 3.957868 2.127575 hargrave 2026-07-23 11:13:17 
AF1300 170.1  28.9 170.1  28.9 1.03E-04 000.7 162.7 -59.6 3.003266 3.833557 2.147534 hargrave 2026-07-23 11:16:46 
