D6A- 202a unoriented drill core
    202  90.0  90.0  90.0   0.0  34.5
NRM    344.7  15.8 344.7  15.8 6.67E-04 000.6 223.0  68.2 15.02538 20.54273 6.322409 hargrave 2026-07-23 02:18:13 
AF  10 344.7  13.4 344.7  13.4 6.56E-04 000.6 227.9  69.8 14.38624 19.53764 5.929243 hargrave 2026-07-23 02:19:48 
AF  20 344.8  09.9 344.8  09.9 6.42E-04 000.6 236.3  71.9 13.92699 18.24487 5.556907 hargrave 2026-07-23 02:21:24 
AF  30 344.9  07.8 344.9  07.8 6.28E-04 000.6 242.2  73.0 13.56493 17.33012 5.239077 hargrave 2026-07-23 02:22:59 
AF  40 345.0  06.6 345.0  06.6 6.15E-04 000.6 246.0  73.7 13.37599 16.77157 5.041289 hargrave 2026-07-23 02:24:34 
AF  50 345.2  06.1 345.2  06.1 5.99E-04 000.6 247.3  74.0 13.06604 16.34758 4.844493 hargrave 2026-07-23 02:26:10 
AF  75 345.9  05.6 345.9  05.6 5.43E-04 000.6 248.2  74.9 12.22907 15.18443 4.163750 hargrave 2026-07-23 02:29:37 
AF 100 346.7  05.6 346.7  05.6 4.84E-04 000.6 246.8  75.6 11.57650 14.16731 3.579879 hargrave 2026-07-23 02:33:04 
AF 125 347.5  05.7 347.5  05.7 4.30E-04 000.6 245.2  76.3 10.51535 12.73207 2.981304 hargrave 2026-07-23 02:36:31 
AF 150 347.9  06.0 347.9  06.0 3.85E-04 000.6 243.5  76.5 9.622945 11.60611 2.457207 hargrave 2026-07-23 02:39:59 
AF 175 348.1  05.9 348.1  05.9 3.47E-04 000.7 243.4  76.7 8.872914 10.76998 2.180198 hargrave 2026-07-23 02:43:26 
AF 200 348.3  05.5 348.3  05.5 3.17E-04 000.7 244.8  77.1 8.087258 9.745137 1.832627 hargrave 2026-07-23 02:46:52 
AF 225 348.8  05.7 348.8  05.7 2.87E-04 000.7 243.1  77.4 7.611829 9.040397 1.619685 hargrave 2026-07-23 02:50:19 
AF 250 349.0  05.5 349.0  05.5 2.63E-04 000.7 243.2  77.7 7.269668 8.489935 1.259829 hargrave 2026-07-23 02:53:46 
AF 275 349.7  06.0 349.7  06.0 2.41E-04 000.7 239.7  78.2 7.015852 8.055287 0.928957 hargrave 2026-07-23 02:57:12 
AF 300 350.0  05.6 350.0  05.6 2.23E-04 000.7 240.4  78.6 6.601533 7.499627 0.927779 hargrave 2026-07-23 03:00:38 
AF 350 350.0  05.3 350.0  05.3 1.95E-04 000.8 241.8  78.7 5.973941 6.640717 0.705081 hargrave 2026-07-23 03:04:04 
AF 400 350.9  04.8 350.9  04.8 1.73E-04 000.8 242.1  79.7 5.464924 6.038665 0.672968 hargrave 2026-07-23 03:06:35 
AF 450 351.0  04.4 351.0  04.4 1.58E-04 000.8 243.7  80.0 4.955410 5.444143 0.628225 hargrave 2026-07-23 03:08:09 
AF 500 351.0  04.4 351.0  04.4 1.43E-04 000.8 243.8  80.0 4.746936 5.082770 0.637321 hargrave 2026-07-23 03:09:44 
AF 550 351.2  03.7 351.2  03.7 1.32E-04 000.8 247.0  80.5 4.395266 4.720663 0.633328 hargrave 2026-07-23 03:11:19 
AF 600 351.4  03.3 351.4  03.3 1.22E-04 000.8 248.9  80.8 4.144866 4.353883 0.714922 hargrave 2026-07-23 03:12:54 
AF 650 351.5  04.2 351.5  04.2 1.12E-04 000.9 243.4  80.5 3.952727 4.198583 0.663508 hargrave 2026-07-23 03:14:29 
AF 700 351.9  03.6 351.9  03.6 1.04E-04 000.9 246.1  81.1 3.817023 3.908069 0.669892 hargrave 2026-07-23 03:16:59 
AF 750 351.9  02.1 351.9  02.1 9.68E-05 000.9 255.3  81.6 3.518374 3.590584 0.836022 hargrave 2026-07-23 03:18:33 
AF 800 352.6  03.4 352.6  03.4 8.81E-05 000.9 245.6  81.9 3.383728 3.398865 0.738869 hargrave 2026-07-23 03:20:08 
AF 850 352.3  03.2 352.3  03.2 8.48E-05 000.9 247.3  81.6 3.283911 3.301559 0.710683 hargrave 2026-07-23 03:21:43 
AF 900 353.0  03.4 353.0  03.4 7.92E-05 000.9 243.9  82.2 3.008684 3.002134 0.748145 hargrave 2026-07-23 03:23:18 
AF 950 353.6  01.7 353.6  01.7 7.30E-05 000.9 255.0  83.3 2.870276 2.800784 0.773157 hargrave 2026-07-23 03:24:54 
AF1000 352.5  01.4 352.5  01.4 6.85E-05 001.0 259.7  82.4 2.772373 2.762960 0.771387 hargrave 2026-07-23 03:26:29 
AF1050 354.0  02.9 354.0  02.9 6.44E-05 001.0 243.9  83.3 2.685829 2.615446 0.732024 hargrave 2026-07-23 03:28:05 
AF1100 352.7  02.4 352.7  02.4 6.11E-05 001.0 252.1  82.3 2.539299 2.441672 0.729900 hargrave 2026-07-23 03:29:41 
AF1150 353.7  02.6 353.7  02.6 5.63E-05 001.0 247.8  83.2 2.496967 2.344216 0.718195 hargrave 2026-07-23 03:31:16 
AF1200 351.8  02.6 351.8  02.6 5.47E-05 001.0 252.1  81.4 2.444417 2.327547 0.591640 hargrave 2026-07-23 03:32:53 
AF1250 352.8  04.3 352.8  04.3 5.07E-05 001.0 238.9  81.6 2.267674 2.126418 0.660040 hargrave 2026-07-23 03:34:29 
AF1300 353.4  02.5 353.4  02.5 4.77E-05 001.1 249.4  83.0 2.200376 2.116300 0.541148 hargrave 2026-07-23 03:36:05 
