D6A- 775a unoriented drill core
    775  90.0  90.0  90.0   0.0  30.7
NRM    216.6  71.0 216.6  71.0 1.39E-03 000.6 191.6 -15.1 38.94586 36.31511 17.36515 hargrave 2026-07-25 18:26:12 
AF  10 215.2  70.6 215.2  70.6 1.36E-03 000.7 191.4 -15.7 37.84801 40.06492 17.36400 hargrave 2026-07-25 18:27:47 
AF  20 213.5  68.6 213.5  68.6 1.20E-03 000.7 192.2 -17.7 34.71529 36.82288 15.67619 hargrave 2026-07-25 18:29:22 
AF  30 212.0  63.8 212.0  63.8 1.00E-03 000.7 194.6 -21.9 30.47730 30.67926 12.71345 hargrave 2026-07-25 18:30:57 
AF  40 210.5  56.4 210.5  56.4 8.00E-04 000.7 198.6 -28.5 24.56188 22.87031 9.189585 hargrave 2026-07-25 18:32:32 
AF  50 209.2  50.0 209.2  50.0 6.86E-04 000.7 202.2 -34.1 19.90125 17.95606 7.145035 hargrave 2026-07-25 18:34:07 
AF  75 206.0  36.9 206.0  36.9 5.18E-04 000.6 210.3 -45.9 11.58902 11.33614 3.666545 hargrave 2026-07-25 18:37:34 
AF 100 204.2  31.3 204.2  31.3 4.48E-04 000.5 214.0 -51.2 8.366131 9.132539 2.825025 hargrave 2026-07-25 18:41:02 
AF 125 203.2  29.1 203.2  29.1 4.07E-04 000.5 215.2 -53.4 7.114754 8.421688 2.581785 hargrave 2026-07-25 18:44:28 
AF 150 202.7  28.6 202.7  28.6 3.82E-04 000.5 215.3 -54.1 6.557718 8.111847 2.549409 hargrave 2026-07-25 18:47:55 
AF 175 201.7  28.2 201.7  28.2 3.62E-04 000.5 214.5 -54.9 6.189580 7.896172 2.583234 hargrave 2026-07-25 18:51:22 
AF 200 201.4  28.0 201.4  28.0 3.47E-04 000.5 214.4 -55.3 5.915793 7.687716 2.657660 hargrave 2026-07-25 18:54:48 
AF 225 200.9  28.2 200.9  28.2 3.33E-04 000.5 213.7 -55.4 5.709154 7.628614 2.660048 hargrave 2026-07-25 18:58:15 
AF 250 201.0  28.2 201.0  28.2 3.24E-04 000.5 213.8 -55.4 5.559886 7.655355 2.647527 hargrave 2026-07-25 19:01:42 
AF 275 200.8  27.9 200.8  27.9 3.15E-04 000.5 213.8 -55.7 5.408685 7.311334 2.665829 hargrave 2026-07-25 19:05:08 
AF 300 200.8  27.9 200.8  27.9 3.08E-04 000.5 213.8 -55.8 5.441627 7.270683 2.745785 hargrave 2026-07-25 19:08:35 
AF 350 201.0  27.8 201.0  27.8 2.96E-04 000.5 214.2 -55.6 5.194940 7.110758 2.717761 hargrave 2026-07-25 19:12:01 
AF 400 200.8  27.8 200.8  27.8 2.86E-04 000.5 213.9 -55.8 4.969026 6.889863 2.612189 hargrave 2026-07-25 19:15:27 
AF 450 200.7  27.7 200.7  27.7 2.76E-04 000.5 213.9 -55.9 4.746149 6.558834 2.537086 hargrave 2026-07-25 19:18:54 
AF 500 200.5  27.8 200.5  27.8 2.67E-04 000.5 213.6 -56.0 4.628218 6.467140 2.463392 hargrave 2026-07-25 19:22:20 
AF 550 200.6  27.1 200.6  27.1 2.59E-04 000.5 214.5 -56.5 4.437476 6.183019 2.467544 hargrave 2026-07-25 19:25:46 
AF 600 200.4  27.2 200.4  27.2 2.50E-04 000.5 214.2 -56.4 4.249900 5.822870 2.310648 hargrave 2026-07-25 19:29:12 
AF 650 200.9  26.8 200.9  26.8 2.44E-04 000.5 215.3 -56.5 4.230325 5.749756 2.183184 hargrave 2026-07-25 19:32:39 
AF 700 201.2  27.0 201.2  27.0 2.36E-04 000.5 215.4 -56.2 4.066704 5.605031 2.221485 hargrave 2026-07-25 19:36:05 
AF 750 201.2  26.9 201.2  26.9 2.29E-04 000.5 215.4 -56.2 3.902629 5.465857 2.095544 hargrave 2026-07-25 19:39:31 
AF 800 201.2  26.2 201.2  26.2 2.20E-04 000.5 216.3 -56.7 3.715965 5.134756 1.971906 hargrave 2026-07-25 19:42:57 
AF 850 201.6  26.3 201.6  26.3 2.12E-04 000.5 216.7 -56.4 3.524524 4.948885 1.969380 hargrave 2026-07-25 19:46:24 
AF 900 200.6  26.1 200.6  26.1 2.03E-04 000.5 215.7 -57.2 3.389128 4.700139 1.773510 hargrave 2026-07-25 19:49:51 
AF 950 201.5  26.0 201.5  26.0 1.96E-04 000.5 216.9 -56.8 3.332103 4.697487 1.777198 hargrave 2026-07-25 19:53:18 
AF1000 200.9  25.9 200.9  25.9 1.87E-04 000.5 216.3 -57.1 3.215705 4.368227 1.677638 hargrave 2026-07-25 19:56:45 
AF1050 200.7  25.3 200.7  25.3 1.80E-04 000.5 216.8 -57.7 3.037535 4.231228 1.468845 hargrave 2026-07-25 20:00:12 
AF1100 201.6  25.7 201.6  25.7 1.70E-04 000.5 217.3 -56.9 2.913379 4.050192 1.459906 hargrave 2026-07-25 20:03:39 
AF1150 200.6  24.9 200.6  24.9 1.59E-04 000.5 217.1 -58.1 2.775572 3.889342 1.316227 hargrave 2026-07-25 20:07:06 
AF1200 200.2  24.7 200.2  24.7 1.49E-04 000.5 216.9 -58.5 2.549406 3.565774 1.244242 hargrave 2026-07-25 20:10:34 
AF1250 200.1  24.1 200.1  24.1 1.40E-04 000.5 217.6 -59.0 2.403589 3.374048 1.178180 hargrave 2026-07-25 20:14:03 
AF1300 201.8  24.2 201.8  24.2 1.30E-04 000.5 219.6 -57.8 2.234753 3.174620 1.028395 hargrave 2026-07-25 20:17:32 
