D6A- 1108a unoriented drill core
   1108  90.0  90.0  90.0   0.0  30.8
NRM    112.1  67.4 112.1  67.4 6.99E-04 000.6 158.9 -08.3 25.53487 19.40102 11.39660 hargrave 2026-07-22 16:56:32 
AF  10 109.8  65.2 109.8  65.2 6.52E-04 000.6 156.5 -08.2 23.89947 16.68011 10.52638 hargrave 2026-07-22 16:58:06 
AF  20 111.9  59.0 111.9  59.0 5.42E-04 000.5 150.9 -11.0 18.99344 12.17493 8.878722 hargrave 2026-07-22 17:01:31 
AF  30 113.8  51.6 113.8  51.6 4.55E-04 000.5 144.0 -14.5 13.97076 9.007720 7.411358 hargrave 2026-07-22 17:04:55 
AF  40 115.0  44.6 115.0  44.6 4.01E-04 000.5 137.4 -17.5 11.67098 6.637130 6.347148 hargrave 2026-07-22 17:08:20 
AF  50 115.7  41.1 115.7  41.1 3.77E-04 000.5 134.1 -19.1 11.35949 5.985567 5.830240 hargrave 2026-07-22 17:11:46 
AF  75 116.8  35.7 116.8  35.7 3.39E-04 000.5 128.8 -21.5 9.058724 4.897848 4.872316 hargrave 2026-07-22 17:13:20 
AF 100 117.4  33.6 117.4  33.6 3.17E-04 000.5 126.8 -22.6 8.188699 4.190922 4.393620 hargrave 2026-07-22 17:14:55 
AF 125 118.0  32.5 118.0  32.5 3.01E-04 000.5 125.8 -23.3 7.528841 3.677055 4.039553 hargrave 2026-07-22 17:16:30 
AF 150 118.3  31.8 118.3  31.8 2.88E-04 000.5 125.2 -23.7 6.848142 3.432769 3.746174 hargrave 2026-07-22 17:18:05 
AF 175 118.3  31.4 118.3  31.4 2.78E-04 000.5 124.8 -23.8 6.446343 3.132577 3.586890 hargrave 2026-07-22 17:19:40 
AF 200 118.3  31.5 118.3  31.5 2.69E-04 000.4 124.8 -23.9 5.653082 3.000013 3.484512 hargrave 2026-07-22 17:21:15 
AF 225 118.5  31.5 118.5  31.5 2.61E-04 000.4 124.9 -24.0 5.656430 2.777981 3.377277 hargrave 2026-07-22 17:22:50 
AF 250 118.6  31.5 118.6  31.5 2.54E-04 000.4 124.9 -24.1 5.335015 2.576394 3.286203 hargrave 2026-07-22 17:24:25 
AF 275 118.8  31.4 118.8  31.4 2.48E-04 000.4 124.9 -24.3 5.195422 2.478039 3.200658 hargrave 2026-07-22 17:26:55 
AF 300 118.4  31.9 118.4  31.9 2.42E-04 000.4 125.3 -23.8 4.878700 2.469181 3.257794 hargrave 2026-07-22 17:28:30 
AF 350 118.4  32.6 118.4  32.6 2.33E-04 000.4 126.0 -23.6 4.866334 2.281599 3.136730 hargrave 2026-07-22 17:31:01 
AF 400 118.3  32.9 118.3  32.9 2.25E-04 000.4 126.3 -23.4 4.629222 2.188661 3.055610 hargrave 2026-07-22 17:33:32 
AF 450 118.0  33.6 118.0  33.6 2.17E-04 000.4 127.0 -23.0 4.231793 2.152721 2.984880 hargrave 2026-07-22 17:35:07 
AF 500 117.6  33.8 117.6  33.8 2.12E-04 000.4 127.0 -22.7 4.264760 1.969264 2.944800 hargrave 2026-07-22 17:36:42 
AF 550 117.0  34.4 117.0  34.4 2.06E-04 000.4 127.5 -22.0 4.156821 1.978451 2.857966 hargrave 2026-07-22 17:38:17 
AF 600 116.3  34.7 116.3  34.7 2.02E-04 000.4 127.7 -21.4 4.048166 1.894772 2.825538 hargrave 2026-07-22 17:39:52 
AF 650 116.4  35.7 116.4  35.7 1.95E-04 000.4 128.7 -21.1 4.089425 1.881815 2.712751 hargrave 2026-07-22 17:41:27 
AF 700 115.8  36.7 115.8  36.7 1.89E-04 000.4 129.7 -20.4 4.036971 1.914353 2.585619 hargrave 2026-07-22 17:43:02 
AF 750 114.8  37.3 114.8  37.3 1.86E-04 000.5 130.0 -19.5 4.273058 1.967357 2.572984 hargrave 2026-07-22 17:46:29 
AF 800 114.3  39.0 114.3  39.0 1.82E-04 000.5 131.6 -18.7 4.258239 2.041797 2.682723 hargrave 2026-07-22 17:49:56 
AF 850 113.5  40.3 113.5  40.3 1.77E-04 000.5 132.8 -17.7 4.418154 2.166545 2.593991 hargrave 2026-07-22 17:52:27 
AF 900 112.3  42.5 112.3  42.5 1.74E-04 000.5 134.7 -16.3 4.526867 2.466671 2.574532 hargrave 2026-07-22 17:54:02 
AF 950 110.6  43.9 110.6  43.9 1.70E-04 000.5 135.8 -14.7 4.765898 2.631523 2.566529 hargrave 2026-07-22 17:55:37 
AF1000 108.6  46.5 108.6  46.5 1.68E-04 000.6 138.0 -12.7 5.145383 2.980512 2.710056 hargrave 2026-07-22 17:57:13 
AF1050 106.3  48.8 106.3  48.8 1.65E-04 000.6 140.0 -10.6 5.471550 3.357698 2.914728 hargrave 2026-07-22 17:58:49 
AF1100 103.4  51.6 103.4  51.6 1.62E-04 000.7 142.4 -08.3 5.835479 3.748238 3.136951 hargrave 2026-07-22 18:00:25 
AF1150 099.7  54.2 099.7  54.2 1.61E-04 000.7 144.6 -05.7 6.328253 4.161184 3.463145 hargrave 2026-07-22 18:02:01 
AF1200 096.7  56.8 096.7  56.8 1.63E-04 000.8 147.0 -03.7 6.880586 4.486224 3.857541 hargrave 2026-07-22 18:05:29 
AF1250 090.7  60.1 090.7  60.1 1.60E-04 000.8 150.1 -00.4 7.378714 5.009277 4.286065 hargrave 2026-07-22 18:08:58 
AF1300 084.7  63.1 084.7  63.1 1.61E-04 000.9 153.2  02.4 7.872325 5.525172 4.806339 hargrave 2026-07-22 18:12:26 
