D6A- 800a unoriented drill core
    800  90.0  90.0  90.0   0.0  30.2
NRM    290.7 -55.1 290.7 -55.1 7.17E-04 000.4 326.9  11.7 6.904851 11.14440 15.79082 hargrave 2026-07-25 20:19:26 
AF  10 292.1 -52.3 292.1 -52.3 6.73E-04 000.4 324.4  13.3 6.331030 10.40171 14.48350 hargrave 2026-07-25 20:21:02 
AF  20 293.5 -45.3 293.5 -45.3 5.79E-04 000.4 317.8  16.3 6.696661 8.655828 11.76062 hargrave 2026-07-25 20:22:37 
AF  30 294.3 -37.2 294.3 -37.2 5.04E-04 000.4 309.8  19.2 7.089817 7.155577 9.494727 hargrave 2026-07-25 20:24:12 
AF  40 294.9 -30.5 294.9 -30.5 4.60E-04 000.4 303.0  21.2 7.187577 6.221699 8.041446 hargrave 2026-07-25 20:27:39 
AF  50 295.1 -27.5 295.1 -27.5 4.43E-04 000.4 299.9  22.1 7.256394 5.822324 7.426273 hargrave 2026-07-25 20:31:06 
AF  75 295.3 -24.1 295.3 -24.1 4.17E-04 000.4 296.3  22.9 7.243418 5.265123 6.544083 hargrave 2026-07-25 20:34:34 
AF 100 295.2 -23.2 295.2 -23.2 4.02E-04 000.4 295.3  23.0 7.143307 4.871362 6.211572 hargrave 2026-07-25 20:38:02 
AF 125 295.1 -22.7 295.1 -22.7 3.91E-04 000.4 294.8  23.1 7.078158 4.603815 5.957338 hargrave 2026-07-25 20:41:29 
AF 150 295.1 -22.7 295.1 -22.7 3.82E-04 000.4 294.8  23.0 6.564958 4.498469 5.685010 hargrave 2026-07-25 20:44:57 
AF 175 295.2 -22.6 295.2 -22.6 3.74E-04 000.4 294.7  23.1 6.371961 4.311966 5.492315 hargrave 2026-07-25 20:48:24 
AF 200 295.0 -22.7 295.0 -22.7 3.66E-04 000.3 294.7  23.0 6.064826 4.089837 5.269491 hargrave 2026-07-25 20:51:51 
AF 225 295.2 -22.5 295.2 -22.5 3.58E-04 000.3 294.6  23.1 5.810846 3.984075 5.061639 hargrave 2026-07-25 20:55:19 
AF 250 295.3 -22.4 295.3 -22.4 3.50E-04 000.3 294.5  23.3 5.615881 3.809174 4.826441 hargrave 2026-07-25 20:58:46 
AF 275 295.6 -22.3 295.6 -22.3 3.42E-04 000.3 294.4  23.6 5.409719 3.683675 4.676916 hargrave 2026-07-25 21:02:13 
AF 300 295.3 -22.4 295.3 -22.4 3.35E-04 000.3 294.5  23.3 5.140172 3.599411 4.523453 hargrave 2026-07-25 21:05:40 
AF 350 295.6 -22.2 295.6 -22.2 3.21E-04 000.3 294.3  23.6 4.705595 3.428898 4.242471 hargrave 2026-07-25 21:09:07 
AF 400 295.9 -22.1 295.9 -22.1 3.06E-04 000.3 294.3  23.9 4.249401 2.997512 3.965885 hargrave 2026-07-25 21:12:34 
AF 450 296.2 -21.7 296.2 -21.7 2.94E-04 000.3 293.9  24.2 4.089728 3.113057 3.717127 hargrave 2026-07-25 21:16:01 
AF 500 296.2 -21.4 296.2 -21.4 2.82E-04 000.3 293.6  24.3 3.639054 2.910000 3.543332 hargrave 2026-07-25 21:19:28 
AF 550 296.2 -21.3 296.2 -21.3 2.73E-04 000.3 293.5  24.3 3.625138 2.882723 3.395457 hargrave 2026-07-25 21:22:55 
AF 600 296.2 -21.2 296.2 -21.2 2.62E-04 000.3 293.3  24.3 3.392741 2.702309 3.203563 hargrave 2026-07-25 21:26:22 
AF 650 296.6 -21.2 296.6 -21.2 2.51E-04 000.3 293.4  24.6 3.236021 2.597823 3.122219 hargrave 2026-07-25 21:29:49 
AF 700 296.4 -20.7 296.4 -20.7 2.40E-04 000.3 292.9  24.6 3.156035 2.481132 2.990227 hargrave 2026-07-25 21:33:14 
AF 750 296.8 -20.6 296.8 -20.6 2.30E-04 000.3 292.9  25.0 3.080310 2.378946 2.852415 hargrave 2026-07-25 21:36:40 
AF 800 296.9 -20.5 296.9 -20.5 2.21E-04 000.3 292.8  25.1 2.857430 2.300415 2.778269 hargrave 2026-07-25 21:40:05 
AF 850 297.1 -20.9 297.1 -20.9 2.09E-04 000.3 293.3  25.2 3.484152 2.917601 2.651249 hargrave 2026-07-25 21:43:31 
AF 900 296.8 -20.1 296.8 -20.1 2.00E-04 000.3 292.3  25.1 2.632064 2.105726 2.577686 hargrave 2026-07-25 21:46:56 
AF 950 297.5 -20.0 297.5 -20.0 1.87E-04 000.3 292.3  25.7 2.532620 1.987604 2.468680 hargrave 2026-07-25 21:50:21 
AF1000 297.9 -20.2 297.9 -20.2 1.78E-04 000.3 292.6  26.0 2.451346 1.945401 2.367284 hargrave 2026-07-25 21:53:53 
AF1050 298.2 -19.7 298.2 -19.7 1.68E-04 000.3 292.1  26.4 2.376617 1.891864 2.295137 hargrave 2026-07-25 21:57:19 
AF1100 298.0 -20.1 298.0 -20.1 1.56E-04 000.3 292.5  26.2 2.230525 1.892474 2.191793 hargrave 2026-07-25 21:59:49 
AF1150 298.8 -20.1 298.8 -20.1 1.44E-04 000.3 292.7  26.9 2.166212 1.723951 2.037231 hargrave 2026-07-25 22:01:25 
AF1200 298.7 -20.5 298.7 -20.5 1.33E-04 000.3 293.1  26.7 2.059006 1.614243 2.013559 hargrave 2026-07-25 22:03:01 
AF1250 299.6 -19.6 299.6 -19.6 1.21E-04 000.4 292.2  27.7 1.966971 1.519687 1.817852 hargrave 2026-07-25 22:05:32 
AF1300 299.6 -20.3 299.6 -20.3 1.11E-04 000.4 293.0  27.6 1.924521 1.525874 1.758662 hargrave 2026-07-25 22:07:09 
