D6A- 852a unoriented drill core
    852  90.0  90.0  90.0   0.0  32.5
NRM    216.2  38.5 216.2  38.5 8.21E-04 000.7 216.6 -39.2 31.29754 20.40536 4.449543 hargrave 2026-07-25 22:11:17 
AF  10 216.4  35.5 216.4  35.5 7.86E-04 000.7 219.7 -41.0 30.81459 22.24111 3.234601 hargrave 2026-07-25 22:12:51 
AF  20 216.3  27.7 216.3  27.7 7.35E-04 000.8 228.4 -45.5 27.54553 23.90529 1.885882 hargrave 2026-07-25 22:14:26 
AF  30 216.4  21.6 216.4  21.6 7.05E-04 000.9 236.3 -48.5 26.49786 25.42169 2.898797 hargrave 2026-07-25 22:16:00 
AF  40 216.5  18.3 216.5  18.3 6.90E-04 000.9 240.9 -49.8 26.08297 26.03370 3.946418 hargrave 2026-07-25 22:17:35 
AF  50 216.5  17.0 216.5  17.0 6.82E-04 000.9 242.8 -50.2 25.87747 26.33064 4.306248 hargrave 2026-07-25 22:19:09 
AF  75 216.7  15.5 216.7  15.5 6.60E-04 000.9 245.0 -50.6 25.25291 26.31731 4.816836 hargrave 2026-07-25 22:20:43 
AF 100 216.9  15.0 216.9  15.0 6.38E-04 001.0 245.9 -50.6 24.57959 26.23608 4.912337 hargrave 2026-07-25 22:22:18 
AF 125 217.1  14.9 217.1  14.9 6.16E-04 001.0 246.1 -50.4 24.24397 25.91542 4.911197 hargrave 2026-07-25 22:23:52 
AF 150 217.2  14.9 217.2  14.9 5.96E-04 001.0 246.3 -50.3 23.69159 25.37998 4.978677 hargrave 2026-07-25 22:27:17 
AF 175 217.4  14.9 217.4  14.9 5.77E-04 001.0 246.3 -50.1 23.15805 25.21428 4.874443 hargrave 2026-07-25 22:30:43 
AF 200 217.6  15.1 217.6  15.1 5.59E-04 001.0 246.2 -49.9 22.70907 24.65944 4.704170 hargrave 2026-07-25 22:34:10 
AF 225 217.8  15.3 217.8  15.3 5.44E-04 001.0 245.9 -49.7 22.15855 24.06827 4.461282 hargrave 2026-07-25 22:37:37 
AF 250 218.0  15.7 218.0  15.7 5.27E-04 001.0 245.5 -49.3 21.51545 23.42391 4.349636 hargrave 2026-07-25 22:41:03 
AF 275 218.1  16.1 218.1  16.1 5.12E-04 001.0 245.0 -49.1 21.14404 22.88349 4.170863 hargrave 2026-07-25 22:44:29 
AF 300 218.1  16.1 218.1  16.1 4.99E-04 001.0 244.8 -49.1 20.58199 22.28193 3.912496 hargrave 2026-07-25 22:47:56 
AF 350 218.4  16.8 218.4  16.8 4.75E-04 001.0 244.1 -48.6 19.48780 20.90799 3.675876 hargrave 2026-07-25 22:51:23 
AF 400 218.4  17.5 218.4  17.5 4.55E-04 001.0 243.1 -48.3 18.49159 20.10310 3.205976 hargrave 2026-07-25 22:54:50 
AF 450 218.4  17.9 218.4  17.9 4.35E-04 001.0 242.6 -48.2 17.45608 19.08134 2.919206 hargrave 2026-07-25 22:58:17 
AF 500 218.4  18.3 218.4  18.3 4.16E-04 001.0 241.9 -48.1 16.59203 18.18359 2.690918 hargrave 2026-07-25 23:01:43 
AF 550 218.3  18.7 218.3  18.7 3.99E-04 001.0 241.4 -48.0 16.62627 17.57959 2.469321 hargrave 2026-07-25 23:05:10 
AF 600 218.3  19.2 218.3  19.2 3.83E-04 001.0 240.7 -47.8 15.04520 16.44361 2.150102 hargrave 2026-07-25 23:08:37 
AF 650 217.9  19.5 217.9  19.5 3.67E-04 001.0 240.1 -48.0 14.28290 15.71894 2.124732 hargrave 2026-07-25 23:12:05 
AF 700 217.9  19.9 217.9  19.9 3.52E-04 000.9 239.5 -47.9 13.47051 14.77056 1.879431 hargrave 2026-07-25 23:15:32 
AF 750 217.9  20.4 217.9  20.4 3.37E-04 000.9 238.9 -47.7 12.76701 14.09231 1.627999 hargrave 2026-07-25 23:18:59 
AF 800 217.5  21.0 217.5  21.0 3.23E-04 000.9 237.8 -47.8 12.01301 13.30289 1.622807 hargrave 2026-07-25 23:22:26 
AF 850 217.6  21.3 217.6  21.3 3.07E-04 000.9 237.5 -47.6 11.35289 12.63958 1.511732 hargrave 2026-07-25 23:25:53 
AF 900 217.3  22.1 217.3  22.1 2.94E-04 000.9 236.2 -47.5 10.64531 11.92975 1.428700 hargrave 2026-07-25 23:29:20 
AF 950 216.8  22.7 216.8  22.7 2.81E-04 000.9 235.1 -47.6 10.00441 11.34630 1.316871 hargrave 2026-07-25 23:32:47 
AF1000 216.7  23.2 216.7  23.2 2.68E-04 000.9 234.4 -47.4 9.417654 10.66613 1.327002 hargrave 2026-07-25 23:36:15 
AF1050 216.8  23.5 216.8  23.5 2.56E-04 000.9 234.0 -47.3 9.001261 10.15767 1.252786 hargrave 2026-07-25 23:39:42 
AF1100 216.3  24.1 216.3  24.1 2.43E-04 000.8 232.9 -47.4 8.262989 9.470819 1.256775 hargrave 2026-07-25 23:43:10 
AF1150 216.4  24.6 216.4  24.6 2.33E-04 000.8 232.3 -47.1 7.945390 9.204094 1.177843 hargrave 2026-07-25 23:46:38 
AF1200 215.5  25.3 215.5  25.3 2.19E-04 000.8 230.8 -47.4 7.298757 8.532318 2.020343 hargrave 2026-07-25 23:50:06 
AF1250 215.1  25.7 215.1  25.7 2.06E-04 000.8 230.0 -47.5 6.833739 8.143455 1.128548 hargrave 2026-07-25 23:53:34 
AF1300 214.2  26.4 214.2  26.4 1.95E-04 000.8 228.6 -47.8 6.436375 7.614706 1.100195 hargrave 2026-07-25 23:57:03 
