D6A- 1215a unoriented drill core
   1215  90.0  90.0  90.0   0.0  31.9
NRM    339.9  64.6 339.9  64.6 8.17E-04 000.5 189.3  23.7 23.02677 22.22805 12.78999 hargrave 2026-07-23 03:37:47 
AF  10 337.0  63.7 337.0  63.7 7.74E-04 000.5 191.0  24.1 21.35321 19.84968 11.47899 hargrave 2026-07-23 03:39:22 
AF  20 332.8  60.4 332.8  60.4 6.98E-04 000.4 194.6  26.1 19.30942 18.20524 9.709771 hargrave 2026-07-23 03:40:57 
AF  30 329.9  56.5 329.9  56.5 6.34E-04 000.5 198.4  28.5 18.06141 16.86722 8.720608 hargrave 2026-07-23 03:42:32 
AF  40 328.1  52.9 328.1  52.9 5.88E-04 000.5 201.8  30.8 17.45905 16.16521 8.588377 hargrave 2026-07-23 03:45:58 
AF  50 327.2  51.0 327.2  51.0 5.67E-04 000.5 203.7  31.9 17.02223 15.74707 8.526452 hargrave 2026-07-23 03:49:23 
AF  75 325.8  48.3 325.8  48.3 5.36E-04 000.5 206.6  33.4 15.74804 14.96118 8.485026 hargrave 2026-07-23 03:52:48 
AF 100 325.3  47.5 325.3  47.5 5.17E-04 000.5 207.6  33.7 15.08568 14.09215 8.394303 hargrave 2026-07-23 03:56:13 
AF 125 324.9  47.2 324.9  47.2 5.02E-04 000.5 208.0  33.7 15.01299 13.99361 8.267101 hargrave 2026-07-23 03:59:39 
AF 150 324.6  47.0 324.6  47.0 4.86E-04 000.5 208.3  33.8 14.37752 13.48811 8.089928 hargrave 2026-07-23 04:03:05 
AF 175 324.6  47.0 324.6  47.0 4.73E-04 000.5 208.3  33.8 13.89618 12.96371 7.884956 hargrave 2026-07-23 04:06:30 
AF 200 324.5  47.2 324.5  47.2 4.56E-04 000.5 208.3  33.6 13.42333 12.47873 7.589556 hargrave 2026-07-23 04:09:56 
AF 225 324.5  47.1 324.5  47.1 4.40E-04 000.5 208.3  33.6 12.80996 11.93131 6.982642 hargrave 2026-07-23 04:13:23 
AF 250 324.7  47.4 324.7  47.4 4.24E-04 000.5 208.0  33.5 12.25309 11.48926 7.065379 hargrave 2026-07-23 04:16:50 
AF 275 324.0  47.4 324.0  47.4 4.09E-04 000.5 208.4  33.2 11.64625 10.90774 6.639853 hargrave 2026-07-23 04:20:18 
AF 300 324.1  47.6 324.1  47.6 3.94E-04 000.5 208.1  33.1 11.21562 10.49199 6.438640 hargrave 2026-07-23 04:23:45 
AF 350 324.0  47.8 324.0  47.8 3.61E-04 000.5 208.1  32.9 10.29229 9.567689 5.954867 hargrave 2026-07-23 04:27:12 
AF 400 323.2  48.0 323.2  48.0 3.36E-04 000.4 208.3  32.4 9.507693 8.685819 5.345251 hargrave 2026-07-23 04:30:39 
AF 450 323.6  48.6 323.6  48.6 3.12E-04 000.4 207.6  32.1 8.786657 8.038351 4.971175 hargrave 2026-07-23 04:34:06 
AF 500 323.3  49.1 323.3  49.1 2.92E-04 000.4 207.4  31.7 8.165975 7.502984 4.671660 hargrave 2026-07-23 04:37:34 
AF 550 322.4  49.3 322.4  49.3 2.74E-04 000.4 207.7  31.1 7.648749 6.962202 4.275168 hargrave 2026-07-23 04:41:02 
AF 600 322.3  49.7 322.3  49.7 2.60E-04 000.4 207.4  30.8 7.223492 6.629924 4.027838 hargrave 2026-07-23 04:44:31 
AF 650 321.3  50.2 321.3  50.2 2.46E-04 000.4 207.5  30.0 6.859534 6.255016 3.786039 hargrave 2026-07-23 04:48:09 
AF 700 321.4  50.8 321.4  50.8 2.33E-04 000.4 207.0  29.6 6.357769 5.753362 3.526042 hargrave 2026-07-23 04:51:36 
AF 750 320.7  51.6 320.7  51.6 2.22E-04 000.4 206.6  28.7 6.069337 5.523817 3.393013 hargrave 2026-07-23 04:55:04 
AF 800 320.4  52.5 320.4  52.5 2.13E-04 000.4 206.1  28.0 5.731030 5.198513 3.206716 hargrave 2026-07-23 04:58:31 
AF 850 319.6  53.2 319.6  53.2 2.03E-04 000.4 205.9  27.2 5.515443 4.940452 3.077325 hargrave 2026-07-23 05:01:59 
AF 900 318.1  54.2 318.1  54.2 1.95E-04 000.4 205.7  25.8 5.260042 4.684836 3.009556 hargrave 2026-07-23 05:05:27 
AF 950 316.8  54.9 316.8  54.9 1.89E-04 000.4 205.7  24.8 5.008221 4.452293 2.742056 hargrave 2026-07-23 05:08:55 
AF1000 317.0  55.3 317.0  55.3 1.82E-04 000.4 205.3  24.6 4.900614 4.286828 2.650961 hargrave 2026-07-23 05:12:23 
AF1050 314.8  56.2 314.8  56.2 1.75E-04 000.4 205.4  23.1 4.837947 4.153304 2.616721 hargrave 2026-07-23 05:15:51 
AF1100 314.3  56.9 314.3  56.9 1.71E-04 000.4 205.0  22.4 4.603057 4.001265 2.537566 hargrave 2026-07-23 05:19:20 
AF1150 312.8  57.6 312.8  57.6 1.65E-04 000.4 204.9  21.3 4.458100 3.820402 2.458709 hargrave 2026-07-23 05:22:49 
AF1200 312.1  58.5 312.1  58.5 1.61E-04 000.4 204.4  20.5 4.422893 3.741502 2.503468 hargrave 2026-07-23 05:26:18 
AF1250 310.0  59.5 310.0  59.5 1.56E-04 000.4 204.3  19.1 4.182263 3.550887 2.373345 hargrave 2026-07-23 05:29:47 
AF1300 308.4  60.3 308.4  60.3 1.51E-04 000.4 204.1  18.0 4.249598 3.432961 2.311361 hargrave 2026-07-23 05:33:16 
