D6A- 1140a unoriented drill core
   1140  90.0  90.0  90.0   0.0  32.0
NRM    344.7  21.6 344.7  21.6 1.56E-03 000.7 213.6  63.7 38.85024 50.69106 15.61197 hargrave 2026-07-26 03:56:04 
AF  10 344.8  20.2 344.8  20.2 1.55E-03 000.7 215.6  64.9 38.57055 48.42181 15.29518 hargrave 2026-07-26 03:57:39 
AF  20 344.8  17.1 344.8  17.1 1.52E-03 000.7 220.4  67.3 39.32124 48.67266 14.45341 hargrave 2026-07-26 03:59:15 
AF  30 344.9  14.4 344.9  14.4 1.50E-03 000.7 225.4  69.2 40.00058 48.98464 13.85534 hargrave 2026-07-26 04:00:50 
AF  40 345.0  12.9 345.0  12.9 1.49E-03 000.7 228.6  70.3 40.35246 49.23291 13.54263 hargrave 2026-07-26 04:02:25 
AF  50 345.0  12.4 345.0  12.4 1.49E-03 000.7 229.7  70.7 40.46001 49.34493 13.41200 hargrave 2026-07-26 04:04:00 
AF  75 345.3  11.8 345.3  11.8 1.47E-03 000.7 230.6  71.2 40.38315 49.05248 13.29874 hargrave 2026-07-26 04:05:35 
AF 100 345.5  11.7 345.5  11.7 1.45E-03 000.7 230.4  71.4 39.52628 48.46115 13.31853 hargrave 2026-07-26 04:07:11 
AF 125 345.7  11.7 345.7  11.7 1.42E-03 000.7 230.1  71.6 39.18498 47.72995 13.26387 hargrave 2026-07-26 04:08:46 
AF 150 346.0  11.8 346.0  11.8 1.39E-03 000.7 229.2  71.7 38.56318 46.78879 13.25120 hargrave 2026-07-26 04:10:21 
AF 175 346.1  11.9 346.1  11.9 1.36E-03 000.7 228.7  71.8 37.77421 45.97810 13.16565 hargrave 2026-07-26 04:11:56 
AF 200 346.3  12.0 346.3  12.0 1.32E-03 000.8 228.1  71.8 37.15218 45.00971 12.99230 hargrave 2026-07-26 04:13:31 
AF 225 346.4  12.2 346.4  12.2 1.29E-03 000.8 227.5  71.8 36.32889 43.96850 12.88797 hargrave 2026-07-26 04:15:06 
AF 250 346.5  12.3 346.5  12.3 1.25E-03 000.8 226.9  71.8 35.43413 43.03340 12.61054 hargrave 2026-07-26 04:16:41 
AF 275 346.6  12.4 346.6  12.4 1.22E-03 000.8 226.4  71.8 34.53538 42.06311 12.47476 hargrave 2026-07-26 04:18:16 
AF 300 346.8  12.7 346.8  12.7 1.18E-03 000.8 225.5  71.8 33.79648 41.07095 12.27010 hargrave 2026-07-26 04:19:51 
AF 350 346.9  13.0 346.9  13.0 1.10E-03 000.8 224.7  71.6 32.03316 38.78772 11.83590 hargrave 2026-07-26 04:21:25 
AF 400 346.9  13.3 346.9  13.3 1.03E-03 000.8 223.7  71.4 30.15459 36.71094 11.39111 hargrave 2026-07-26 04:23:00 
AF 450 347.0  13.7 347.0  13.7 9.67E-04 000.8 222.9  71.2 28.30572 34.91389 10.85645 hargrave 2026-07-26 04:24:35 
AF 500 347.0  14.1 347.0  14.1 9.01E-04 000.8 222.0  70.9 26.73276 32.83534 10.27779 hargrave 2026-07-26 04:26:09 
AF 550 346.7  14.5 346.7  14.5 8.41E-04 000.8 221.6  70.5 24.95360 30.69272 9.747405 hargrave 2026-07-26 04:27:44 
AF 600 346.7  14.7 346.7  14.7 7.87E-04 000.8 221.2  70.3 23.38302 28.82052 9.255181 hargrave 2026-07-26 04:29:19 
AF 650 346.4  15.0 346.4  15.0 7.39E-04 000.8 221.2  69.9 22.11046 27.23158 8.676598 hargrave 2026-07-26 04:30:54 
AF 700 346.5  15.3 346.5  15.3 6.93E-04 000.8 220.6  69.7 20.71189 25.65641 8.351381 hargrave 2026-07-26 04:32:28 
AF 750 346.1  15.3 346.1  15.3 6.53E-04 000.8 221.4  69.4 19.55572 24.29124 7.786257 hargrave 2026-07-26 04:34:03 
AF 800 345.8  15.5 345.8  15.5 6.16E-04 000.8 221.4  69.1 18.50564 22.64949 7.608714 hargrave 2026-07-26 04:37:28 
AF 850 345.5  15.5 345.5  15.5 5.81E-04 000.8 222.1  68.9 17.40846 21.38165 7.204603 hargrave 2026-07-26 04:40:53 
AF 900 344.7  15.6 344.7  15.6 5.50E-04 000.9 223.4  68.2 18.55983 21.58219 6.683850 hargrave 2026-07-26 04:44:19 
AF 950 344.5  15.5 344.5  15.5 5.21E-04 000.8 223.9  68.2 15.41997 18.96533 6.342734 hargrave 2026-07-26 04:47:45 
AF1000 344.1  15.4 344.1  15.4 4.94E-04 000.8 224.8  68.0 14.42742 17.88587 5.915763 hargrave 2026-07-26 04:51:11 
AF1050 343.7  15.3 343.7  15.3 4.70E-04 000.8 225.7  67.8 13.51392 16.88111 5.537145 hargrave 2026-07-26 04:54:37 
AF1100 343.2  15.2 343.2  15.2 4.43E-04 000.7 226.9  67.5 12.61763 15.70720 5.163782 hargrave 2026-07-26 04:58:04 
AF1150 343.0  15.1 343.0  15.1 4.19E-04 000.7 227.4  67.4 11.75757 14.72168 4.825601 hargrave 2026-07-26 05:01:30 
AF1200 342.1  15.1 342.1  15.1 3.91E-04 000.7 228.7  66.7 10.64119 13.74239 4.377264 hargrave 2026-07-26 05:04:57 
AF1250 341.4  14.7 341.4  14.7 3.70E-04 000.7 230.6  66.5 9.963882 12.82770 4.255406 hargrave 2026-07-26 05:08:25 
AF1300 340.7  14.4 340.7  14.4 3.51E-04 000.7 232.2  66.0 9.336800 11.90138 3.737054 hargrave 2026-07-26 05:11:54 
