D6A- 713a unoriented drill core
    713  90.0  90.0  90.0   0.0  31.4
NRM    179.6  46.5 179.6  46.5 1.24E-03 000.5 179.6 -43.5 25.55692 23.20361 23.34664 hargrave 2026-07-25 14:47:35 
AF  10 179.7  45.5 179.7  45.5 1.23E-03 000.5 179.7 -44.5 25.75558 26.30471 23.10482 hargrave 2026-07-25 14:49:10 
AF  20 179.7  43.8 179.7  43.8 1.20E-03 000.5 179.7 -46.2 25.54559 26.30922 22.82354 hargrave 2026-07-25 14:50:45 
AF  30 179.8  42.5 179.8  42.5 1.17E-03 000.5 179.8 -47.5 25.29188 26.53810 22.75392 hargrave 2026-07-25 14:52:20 
AF  40 179.9  41.7 179.9  41.7 1.15E-03 000.5 179.9 -48.3 24.82946 26.11725 22.74848 hargrave 2026-07-25 14:53:54 
AF  50 179.9  41.2 179.9  41.2 1.14E-03 000.5 179.9 -48.8 24.52789 26.18941 22.69518 hargrave 2026-07-25 14:55:29 
AF  75 179.8  40.7 179.8  40.7 1.10E-03 000.5 179.8 -49.3 23.80579 25.65536 22.47166 hargrave 2026-07-25 14:57:04 
AF 100 179.8  40.4 179.8  40.4 1.06E-03 000.5 179.8 -49.6 22.86779 24.66835 21.87272 hargrave 2026-07-25 14:58:38 
AF 125 179.7  40.2 179.7  40.2 1.01E-03 000.5 179.7 -49.8 21.90988 23.42863 21.11771 hargrave 2026-07-25 15:00:13 
AF 150 179.6  40.0 179.6  40.0 9.71E-04 000.5 179.5 -50.0 20.87670 22.47814 20.36058 hargrave 2026-07-25 15:01:47 
AF 175 179.2  39.8 179.2  39.8 9.27E-04 000.5 179.1 -50.2 19.93767 21.26427 19.57253 hargrave 2026-07-25 15:03:22 
AF 200 178.8  39.6 178.8  39.6 8.82E-04 000.5 178.6 -50.4 18.88677 20.07197 18.64870 hargrave 2026-07-25 15:04:56 
AF 225 178.2  39.4 178.2  39.4 8.37E-04 000.5 177.8 -50.5 17.86546 18.82534 17.79433 hargrave 2026-07-25 15:06:30 
AF 250 177.6  39.2 177.6  39.2 7.91E-04 000.5 177.0 -50.8 16.83874 17.62331 16.81354 hargrave 2026-07-25 15:08:05 
AF 275 176.9  38.9 176.9  38.9 7.47E-04 000.5 176.1 -50.9 15.75890 16.36174 15.90540 hargrave 2026-07-25 15:09:39 
AF 300 176.0  38.7 176.0  38.7 7.02E-04 000.5 175.1 -51.1 14.75872 15.20907 14.99523 hargrave 2026-07-25 15:11:14 
AF 350 174.6  38.3 174.6  38.3 6.29E-04 000.5 173.2 -51.4 13.08107 13.26775 13.48540 hargrave 2026-07-25 15:14:40 
AF 400 173.2  37.9 173.2  37.9 5.69E-04 000.5 171.4 -51.6 11.78210 11.94381 12.20452 hargrave 2026-07-25 15:18:05 
AF 450 172.0  37.7 172.0  37.7 5.19E-04 000.5 169.8 -51.6 10.64804 10.47665 11.18143 hargrave 2026-07-25 15:21:31 
AF 500 171.0  37.4 171.0  37.4 4.82E-04 000.5 168.4 -51.7 9.816528 9.736424 10.35452 hargrave 2026-07-25 15:24:56 
AF 550 170.3  37.3 170.3  37.3 4.48E-04 000.5 167.6 -51.6 9.212102 8.920443 9.662812 hargrave 2026-07-25 15:28:21 
AF 600 169.6  37.2 169.6  37.2 4.22E-04 000.5 166.6 -51.6 8.155555 8.336504 9.044677 hargrave 2026-07-25 15:31:46 
AF 650 169.3  37.1 169.3  37.1 3.96E-04 000.5 166.2 -51.6 8.097314 7.907201 8.482336 hargrave 2026-07-25 15:35:11 
AF 700 168.7  37.0 168.7  37.0 3.73E-04 000.5 165.4 -51.5 7.681021 7.326584 7.928008 hargrave 2026-07-25 15:38:37 
AF 750 168.1  36.8 168.1  36.8 3.49E-04 000.5 164.6 -51.6 7.119782 6.926560 7.427975 hargrave 2026-07-25 15:42:02 
AF 800 167.6  36.9 167.6  36.9 3.27E-04 000.5 164.0 -51.4 6.749759 6.435949 6.903003 hargrave 2026-07-25 15:45:28 
AF 850 167.1  36.7 167.1  36.7 3.06E-04 000.5 163.4 -51.4 6.403230 6.046741 6.522395 hargrave 2026-07-25 15:48:55 
AF 900 166.7  37.0 166.7  37.0 2.86E-04 000.5 163.0 -51.0 5.593631 5.590180 6.131080 hargrave 2026-07-25 15:52:22 
AF 950 166.1  36.6 166.1  36.6 2.66E-04 000.5 162.1 -51.2 5.562093 5.214218 5.737551 hargrave 2026-07-25 15:55:50 
AF1000 165.5  36.7 165.5  36.7 2.48E-04 000.5 161.4 -51.0 5.279719 4.902991 5.304687 hargrave 2026-07-25 15:59:17 
AF1050 165.1  36.6 165.1  36.6 2.31E-04 000.5 160.9 -50.9 4.912113 4.539140 4.964803 hargrave 2026-07-25 16:02:45 
AF1100 164.7  36.6 164.7  36.6 2.15E-04 000.5 160.5 -50.8 4.736131 4.387684 4.573554 hargrave 2026-07-25 16:06:12 
AF1150 164.3  36.8 164.3  36.8 1.97E-04 000.5 160.1 -50.4 4.314628 3.961427 4.196798 hargrave 2026-07-25 16:09:40 
AF1200 163.5  36.7 163.5  36.7 1.83E-04 000.5 159.2 -50.3 3.997836 3.604669 3.905075 hargrave 2026-07-25 16:13:09 
AF1250 163.9  36.6 163.9  36.6 1.67E-04 000.5 159.5 -50.5 3.728678 3.351223 3.596735 hargrave 2026-07-25 16:16:38 
AF1300 162.9  37.0 162.9  37.0 1.53E-04 000.5 158.7 -49.7 3.379210 3.049976 3.214304 hargrave 2026-07-25 16:20:07 
