D6A- 555a unoriented drill core
    555  90.0  90.0  90.0   0.0  30.4
NRM    175.1  39.5 175.1  39.5 4.66E-04 000.5 174.1 -50.3 9.976223 4.734669 7.435642 hargrave 2026-07-22 14:42:08 
NRM    175.5  39.5 175.5  39.5 4.66E-04 000.5 174.6 -50.3 8.958451 5.170500 7.413526 hargrave 2026-07-23 13:14:49 
AF  10 173.8  40.9 173.8  40.9 4.53E-04 000.5 172.9 -48.7 8.517311 5.786817 7.343417 hargrave 2026-07-23 13:18:15 
AF  20 172.0  39.0 172.0  39.0 4.29E-04 000.5 170.3 -50.3 8.129867 5.871745 6.966432 hargrave 2026-07-23 13:21:42 
AF  30 171.5  34.3 171.5  34.3 3.98E-04 000.5 167.8 -54.8 7.688174 5.915991 6.288320 hargrave 2026-07-23 13:25:08 
AF  40 171.3  29.8 171.3  29.8 3.75E-04 000.5 165.3 -59.1 7.211335 5.941981 5.699234 hargrave 2026-07-23 13:28:34 
AF  50 171.1  27.6 171.1  27.6 3.60E-04 000.5 163.4 -61.1 6.896849 5.925361 5.376103 hargrave 2026-07-23 13:32:00 
AF  75 170.3  24.6 170.3  24.6 3.30E-04 000.5 159.8 -63.7 6.103450 5.719166 4.700818 hargrave 2026-07-23 13:35:27 
AF 100 170.0  23.8 170.0  23.8 3.05E-04 000.5 158.4 -64.3 5.412236 5.447718 4.240097 hargrave 2026-07-23 13:38:53 
AF 125 169.1  23.7 169.1  23.7 2.85E-04 000.5 156.7 -64.1 4.890400 5.181228 3.915750 hargrave 2026-07-23 13:42:20 
AF 150 168.6  23.9 168.6  23.9 2.66E-04 000.5 155.9 -63.6 4.534684 4.875805 3.639382 hargrave 2026-07-23 13:45:46 
AF 175 168.1  24.1 168.1  24.1 2.52E-04 000.5 155.3 -63.3 4.213933 4.586348 3.473983 hargrave 2026-07-23 13:49:13 
AF 200 167.9  24.6 167.9  24.6 2.39E-04 000.5 155.4 -62.7 3.932063 4.365061 3.297067 hargrave 2026-07-23 13:52:40 
AF 225 167.5  24.6 167.5  24.6 2.27E-04 000.6 154.7 -62.6 4.134976 5.311440 3.214282 hargrave 2026-07-23 13:56:07 
