D6A- 902a unoriented drill core
    902  90.0  90.0  90.0   0.0  31.1
NRM    226.5 -58.8 226.5 -58.8 9.19E-04 000.4 336.3 -20.9 5.458266 9.785370 16.73142 hargrave 2026-07-25 23:58:46 
AF  10 225.7 -56.1 225.7 -56.1 8.68E-04 000.4 334.3 -22.9 5.817063 10.04314 15.35099 hargrave 2026-07-26 00:00:21 
AF  20 227.0 -51.7 227.0 -51.7 7.80E-04 000.4 330.0 -25.0 6.537115 9.572229 13.48602 hargrave 2026-07-26 00:01:56 
AF  30 228.0 -47.7 228.0 -47.7 7.17E-04 000.4 326.0 -26.8 8.776030 9.261714 11.96511 hargrave 2026-07-26 00:03:31 
AF  40 228.3 -44.9 228.3 -44.9 6.76E-04 000.4 323.2 -28.1 8.236121 9.370142 10.87579 hargrave 2026-07-26 00:05:06 
AF  50 228.3 -43.5 228.3 -43.5 6.51E-04 000.4 321.8 -28.9 8.184318 9.331832 10.14663 hargrave 2026-07-26 00:06:41 
AF  75 227.7 -41.3 227.7 -41.3 5.93E-04 000.4 319.9 -30.4 8.098832 8.947801 8.451678 hargrave 2026-07-26 00:08:16 
AF 100 226.8 -40.2 226.8 -40.2 5.44E-04 000.4 319.2 -31.5 7.681048 8.671043 7.207228 hargrave 2026-07-26 00:09:51 
AF 125 226.1 -39.8 226.1 -39.8 5.03E-04 000.4 319.1 -32.2 7.255481 8.090770 6.241815 hargrave 2026-07-26 00:12:22 
AF 150 225.6 -39.4 225.6 -39.4 4.67E-04 000.4 319.0 -32.7 6.793055 7.946386 5.572421 hargrave 2026-07-26 00:13:57 
AF 175 225.2 -39.4 225.2 -39.4 4.36E-04 000.4 319.1 -33.0 6.516912 7.417152 4.865233 hargrave 2026-07-26 00:17:23 
AF 200 225.3 -39.4 225.3 -39.4 4.07E-04 000.4 319.1 -32.9 5.945282 7.230763 4.453805 hargrave 2026-07-26 00:18:58 
AF 225 225.4 -38.9 225.4 -38.9 3.81E-04 000.4 318.6 -33.1 5.656930 6.704954 4.001537 hargrave 2026-07-26 00:20:34 
AF 250 226.0 -38.9 226.0 -38.9 3.58E-04 000.4 318.3 -32.8 5.265178 6.339999 3.930528 hargrave 2026-07-26 00:22:09 
AF 275 226.4 -38.8 226.4 -38.8 3.36E-04 000.4 318.0 -32.5 4.941759 5.793249 3.504671 hargrave 2026-07-26 00:24:40 
AF 300 226.8 -38.6 226.8 -38.6 3.17E-04 000.4 317.6 -32.4 4.647431 5.584193 3.253172 hargrave 2026-07-26 00:26:15 
AF 350 227.8 -38.4 227.8 -38.4 2.88E-04 000.4 317.0 -31.7 4.226020 4.977674 3.075924 hargrave 2026-07-26 00:27:50 
AF 400 229.1 -37.9 229.1 -37.9 2.64E-04 000.4 315.9 -31.1 3.792648 4.551526 2.818308 hargrave 2026-07-26 00:29:25 
AF 450 230.1 -38.0 230.1 -38.0 2.48E-04 000.4 315.5 -30.4 3.553654 4.189552 2.580192 hargrave 2026-07-26 00:31:00 
AF 500 230.3 -37.6 230.3 -37.6 2.35E-04 000.4 315.0 -30.4 3.397302 3.993887 2.459218 hargrave 2026-07-26 00:32:35 
AF 550 231.5 -37.6 231.5 -37.6 2.22E-04 000.4 314.5 -29.6 3.182497 3.799444 2.295744 hargrave 2026-07-26 00:34:10 
AF 600 232.1 -37.6 232.1 -37.6 2.14E-04 000.4 314.3 -29.1 3.068243 3.491648 2.238902 hargrave 2026-07-26 00:35:45 
AF 650 231.8 -37.6 231.8 -37.6 2.06E-04 000.4 314.4 -29.3 2.981425 3.380337 2.319527 hargrave 2026-07-26 00:37:20 
AF 700 232.1 -37.7 232.1 -37.7 1.99E-04 000.4 314.4 -29.1 2.850228 3.298074 2.073436 hargrave 2026-07-26 00:38:55 
AF 750 232.3 -37.7 232.3 -37.7 1.92E-04 000.4 314.3 -29.0 2.743688 3.271365 1.925912 hargrave 2026-07-26 00:40:30 
AF 800 232.5 -37.9 232.5 -37.9 1.85E-04 000.4 314.5 -28.7 2.489956 2.979943 1.929354 hargrave 2026-07-26 00:42:05 
AF 850 231.7 -38.3 231.7 -38.3 1.79E-04 000.4 315.2 -29.1 2.662677 3.041998 1.866683 hargrave 2026-07-26 00:43:41 
AF 900 231.9 -38.2 231.9 -38.2 1.72E-04 000.4 315.0 -29.0 2.450430 2.879443 1.844173 hargrave 2026-07-26 00:45:16 
AF 950 232.2 -38.0 232.2 -38.0 1.66E-04 000.4 314.6 -28.9 2.451788 2.803876 1.759980 hargrave 2026-07-26 00:46:52 
AF1000 231.3 -39.4 231.3 -39.4 1.58E-04 000.4 316.5 -28.9 2.371004 2.780814 1.813648 hargrave 2026-07-26 00:48:28 
AF1050 231.8 -39.1 231.8 -39.1 1.50E-04 000.4 316.0 -28.7 2.173752 2.560715 1.703333 hargrave 2026-07-26 00:50:04 
AF1100 231.8 -39.8 231.8 -39.8 1.43E-04 000.4 316.7 -28.4 2.089851 2.439003 1.527452 hargrave 2026-07-26 00:51:40 
AF1150 229.8 -39.6 229.8 -39.6 1.33E-04 000.4 317.3 -29.8 1.788329 2.363781 1.391866 hargrave 2026-07-26 00:54:12 
AF1200 230.8 -40.7 230.8 -40.7 1.28E-04 000.4 318.0 -28.6 1.498429 2.264372 1.316845 hargrave 2026-07-26 00:55:49 
AF1250 228.5 -42.0 228.5 -42.0 1.18E-04 000.4 320.2 -29.5 1.742124 2.145041 1.337121 hargrave 2026-07-26 00:57:25 
AF1300 228.7 -42.7 228.7 -42.7 1.10E-04 000.4 320.8 -29.0 1.488697 1.881793 1.256735 hargrave 2026-07-26 00:59:02 
