D6A- 1050a unoriented drill core
   1050  90.0  90.0  90.0   0.0  32.2
NRM    065.7 -20.5 065.7 -20.5 5.65E-04 000.4 067.7  22.7 11.38350 11.41820 8.326324 hargrave 2026-07-26 01:02:36 
AF  10 062.8 -21.1 062.8 -21.1 5.18E-04 000.3 066.5  25.2 9.802097 10.30260 7.594433 hargrave 2026-07-26 01:04:11 
AF  20 055.0 -24.2 055.0 -24.2 4.24E-04 000.4 061.3  31.5 8.341000 8.691198 6.331091 hargrave 2026-07-26 01:05:46 
AF  30 043.2 -27.6 043.2 -27.6 3.40E-04 000.4 052.6  40.3 7.035704 7.376280 5.246445 hargrave 2026-07-26 01:07:21 
AF  40 031.0 -29.5 031.0 -29.5 2.91E-04 000.5 042.3  48.3 6.555507 6.703553 4.713272 hargrave 2026-07-26 01:08:56 
AF  50 025.6 -30.0 025.6 -30.0 2.75E-04 000.5 036.8  51.3 6.486363 6.431876 4.355042 hargrave 2026-07-26 01:10:31 
AF  75 019.5 -30.6 019.5 -30.6 2.52E-04 000.5 029.4  54.2 6.377032 5.959277 3.847703 hargrave 2026-07-26 01:12:06 
AF 100 017.5 -31.1 017.5 -31.1 2.34E-04 000.5 026.4  54.7 6.209679 5.517849 3.318768 hargrave 2026-07-26 01:13:41 
AF 125 016.7 -31.8 016.7 -31.8 2.19E-04 000.5 024.9  54.5 5.969633 5.079806 2.943567 hargrave 2026-07-26 01:16:12 
AF 150 017.1 -32.4 017.1 -32.4 2.08E-04 000.5 024.9  53.8 5.700159 4.714686 2.672633 hargrave 2026-07-26 01:17:47 
AF 175 017.7 -32.2 017.7 -32.2 2.01E-04 000.5 025.8  53.7 5.701890 4.593476 2.395799 hargrave 2026-07-26 01:19:22 
AF 200 017.6 -32.9 017.6 -32.9 1.92E-04 000.5 025.0  53.2 5.364237 4.280800 2.271276 hargrave 2026-07-26 01:20:57 
AF 225 018.8 -33.3 018.8 -33.3 1.87E-04 000.5 026.1  52.3 5.215923 4.180431 2.021325 hargrave 2026-07-26 01:22:32 
AF 250 018.9 -33.5 018.9 -33.5 1.81E-04 000.5 026.0  52.1 5.080444 4.050864 1.896618 hargrave 2026-07-26 01:24:07 
AF 275 019.4 -33.7 019.4 -33.7 1.76E-04 000.5 026.5  51.7 4.938603 4.031264 1.768378 hargrave 2026-07-26 01:25:42 
AF 300 019.8 -33.0 019.8 -33.0 1.72E-04 000.5 027.6  52.1 4.764907 3.858129 1.596228 hargrave 2026-07-26 01:27:17 
AF 350 020.4 -33.3 020.4 -33.3 1.64E-04 000.5 027.9  51.6 4.589282 3.675788 1.427096 hargrave 2026-07-26 01:28:52 
AF 400 021.9 -33.4 021.9 -33.4 1.57E-04 000.5 029.5  50.7 4.416631 3.525771 1.278758 hargrave 2026-07-26 01:30:27 
AF 450 021.1 -32.8 021.1 -32.8 1.48E-04 000.5 029.2  51.6 4.120331 3.371694 1.153251 hargrave 2026-07-26 01:32:02 
AF 500 023.3 -31.3 023.3 -31.3 1.45E-04 000.5 033.0  51.7 3.881696 3.272682 0.991018 hargrave 2026-07-26 01:33:37 
AF 550 024.3 -31.1 024.3 -31.1 1.38E-04 000.5 034.3  51.3 3.385547 3.149914 0.935595 hargrave 2026-07-26 01:35:12 
AF 600 025.0 -30.1 025.0 -30.1 1.36E-04 000.6 036.1  51.6 3.774961 3.228054 0.813833 hargrave 2026-07-26 01:36:47 
AF 650 026.1 -29.5 026.1 -29.5 1.31E-04 000.5 037.9  51.4 3.504490 2.911494 0.796679 hargrave 2026-07-26 01:38:22 
AF 700 028.0 -27.6 028.0 -27.6 1.29E-04 000.6 042.0  51.5 3.512128 3.039145 0.734741 hargrave 2026-07-26 01:39:57 
AF 750 027.8 -25.6 027.8 -25.6 1.23E-04 000.6 044.3  52.9 3.338106 2.912238 0.706446 hargrave 2026-07-26 01:41:32 
AF 800 029.4 -23.6 029.4 -23.6 1.19E-04 000.5 048.3  53.0 3.001180 2.795279 0.738756 hargrave 2026-07-26 01:43:07 
AF 850 031.7 -20.9 031.7 -20.9 1.15E-04 000.6 054.0  52.6 2.881264 2.768192 0.715653 hargrave 2026-07-26 01:45:38 
AF 900 034.3 -17.3 034.3 -17.3 1.12E-04 000.6 061.1  52.1 2.754162 2.733499 0.898929 hargrave 2026-07-26 01:47:14 
AF 950 035.4 -14.9 035.4 -14.9 1.09E-04 000.5 065.2  52.0 2.551383 2.667461 0.945026 hargrave 2026-07-26 01:48:49 
AF1000 036.6 -10.4 036.6 -10.4 1.07E-04 000.6 072.9  52.2 2.507769 2.657578 1.181645 hargrave 2026-07-26 01:50:25 
AF1050 038.9 -06.4 038.9 -06.4 1.04E-04 000.6 079.9  50.7 2.314382 2.903468 1.364055 hargrave 2026-07-26 01:52:01 
AF1100 041.6 -02.0 041.6 -02.0 1.04E-04 000.5 087.0  48.4 2.160020 2.516288 1.648258 hargrave 2026-07-26 01:54:32 
AF1150 042.3  01.5 042.3  01.5 1.01E-04 000.5 092.3  47.6 2.044521 2.538655 1.695738 hargrave 2026-07-26 01:56:09 
AF1200 043.9  05.3 043.9  05.3 9.97E-05 000.5 097.6  45.9 2.037236 2.511903 1.895692 hargrave 2026-07-26 01:57:45 
AF1250 046.4  09.8 046.4  09.8 1.00E-04 000.4 103.4  42.8 1.681833 2.400462 2.113661 hargrave 2026-07-26 01:59:22 
AF1300 048.6  12.3 048.6  12.3 9.87E-05 000.4 106.2  40.3 1.665342 2.446804 2.200415 hargrave 2026-07-26 02:00:59 
