D6A- 1236a unoriented drill core
   1236  90.0  90.0  90.0   0.0  27.8
NRM    332.6  65.6 332.6  65.6 3.52E-04 000.7 191.8  21.5 9.553084 8.615626 5.798489 hargrave 2026-07-26 08:46:10 
AF  10 330.3  63.9 330.3  63.9 3.32E-04 000.7 193.6  22.5 8.694008 8.065274 5.140015 hargrave 2026-07-26 08:49:37 
AF  20 327.0  59.4 327.0  59.4 2.92E-04 000.6 197.9  25.3 7.259357 6.872879 4.001703 hargrave 2026-07-26 08:53:04 
AF  30 324.5  53.8 324.5  53.8 2.54E-04 000.6 203.0  28.7 5.965721 6.097496 3.051299 hargrave 2026-07-26 08:56:31 
AF  40 322.5  48.0 322.5  48.0 2.25E-04 000.6 208.8  32.1 5.030178 5.517738 2.325047 hargrave 2026-07-26 08:59:57 
AF  50 321.5  44.2 321.5  44.2 2.10E-04 000.6 212.6  34.1 4.429447 5.359171 2.057096 hargrave 2026-07-26 09:03:24 
AF  75 319.9  38.2 319.9  38.2 1.90E-04 000.6 219.3  36.9 3.879010 4.772761 1.649311 hargrave 2026-07-26 09:06:51 
AF 100 319.5  35.8 319.5  35.8 1.82E-04 000.6 222.0  38.1 3.676463 4.614071 1.516762 hargrave 2026-07-26 09:10:18 
AF 125 319.4  34.9 319.4  34.9 1.77E-04 000.6 223.0  38.5 3.556441 4.480864 1.453421 hargrave 2026-07-26 09:13:44 
AF 150 319.5  34.5 319.5  34.5 1.75E-04 000.6 223.4  38.8 3.382613 4.463664 1.504462 hargrave 2026-07-26 09:17:11 
AF 175 319.5  34.2 319.5  34.2 1.73E-04 000.6 223.7  39.0 3.380389 4.461196 1.451415 hargrave 2026-07-26 09:20:37 
AF 200 319.3  34.2 319.3  34.2 1.71E-04 000.6 223.8  38.9 3.483928 4.448014 1.432156 hargrave 2026-07-26 09:24:03 
AF 225 319.2  34.5 319.2  34.5 1.70E-04 000.6 223.6  38.6 3.293545 4.379821 1.452174 hargrave 2026-07-26 09:27:29 
AF 250 319.0  34.7 319.0  34.7 1.68E-04 000.6 223.4  38.4 3.264427 4.295059 1.457958 hargrave 2026-07-26 09:30:56 
AF 275 319.1  34.6 319.1  34.6 1.65E-04 000.6 223.5  38.4 3.292153 4.260658 1.423784 hargrave 2026-07-26 09:34:23 
AF 300 319.0  35.0 319.0  35.0 1.62E-04 000.6 223.2  38.2 3.240779 4.229574 1.416393 hargrave 2026-07-26 09:37:56 
AF 350 318.8  34.9 318.8  34.9 1.57E-04 000.6 223.4  38.1 3.081527 4.090950 1.329740 hargrave 2026-07-26 09:41:23 
AF 400 318.1  35.3 318.1  35.3 1.51E-04 000.6 223.4  37.4 2.858220 3.822585 1.358444 hargrave 2026-07-26 09:44:51 
AF 450 318.1  35.6 318.1  35.6 1.46E-04 000.6 223.0  37.3 2.838393 3.780418 1.362433 hargrave 2026-07-26 09:48:18 
AF 500 318.1  35.9 318.1  35.9 1.40E-04 000.6 222.7  37.1 2.795613 3.583894 1.339444 hargrave 2026-07-26 09:51:45 
AF 550 318.0  35.8 318.0  35.8 1.34E-04 000.6 222.8  37.1 2.621347 3.556754 1.302808 hargrave 2026-07-26 09:55:12 
AF 600 316.9  36.0 316.9  36.0 1.29E-04 000.6 223.2  36.2 2.530466 3.385802 1.268901 hargrave 2026-07-26 09:58:39 
AF 650 317.0  36.2 317.0  36.2 1.24E-04 000.6 223.0  36.1 2.428875 3.162041 1.227141 hargrave 2026-07-26 10:02:07 
AF 700 317.3  36.6 317.3  36.6 1.18E-04 000.6 222.4  36.1 2.351683 3.128359 1.221364 hargrave 2026-07-26 10:05:46 
AF 750 316.8  36.2 316.8  36.2 1.12E-04 000.6 223.0  36.0 2.231888 2.966145 1.103676 hargrave 2026-07-26 10:09:14 
AF 800 316.8  36.5 316.8  36.5 1.06E-04 000.6 222.8  35.8 2.097439 2.818807 1.109896 hargrave 2026-07-26 10:12:41 
AF 850 316.2  36.4 316.2  36.4 1.01E-04 000.6 223.2  35.5 1.970012 2.660741 0.981524 hargrave 2026-07-26 10:16:09 
AF 900 316.9  37.3 316.9  37.3 9.30E-05 000.6 221.9  35.5 1.927466 2.488363 0.970353 hargrave 2026-07-26 10:19:37 
AF 950 317.0  36.9 317.0  36.9 8.82E-05 000.6 222.3  35.8 1.837788 2.417177 0.864108 hargrave 2026-07-26 10:23:05 
AF1000 317.0  36.8 317.0  36.8 8.05E-05 000.6 222.4  35.9 1.709232 2.227866 0.799445 hargrave 2026-07-26 10:26:39 
AF1050 317.4  37.8 317.4  37.8 7.52E-05 000.6 221.1  35.6 1.587994 2.014232 0.736985 hargrave 2026-07-26 10:30:13 
AF1100 316.6  38.0 316.6  38.0 6.83E-05 000.7 221.4  35.0 1.470041 1.864796 0.678676 hargrave 2026-07-26 10:33:47 
AF1150 318.7  37.5 318.7  37.5 6.24E-05 000.7 220.7  36.6 1.422795 1.824789 0.572438 hargrave 2026-07-26 10:37:15 
AF1200 317.4  38.1 317.4  38.1 5.60E-05 000.7 220.8  35.4 1.269171 1.560757 0.537019 hargrave 2026-07-26 10:40:43 
AF1250 318.3  38.5 318.3  38.5 5.03E-05 000.7 219.9  35.7 1.224087 1.478116 0.467950 hargrave 2026-07-26 10:43:15 
AF1300 315.5  37.4 315.5  37.4 4.61E-05 000.7 222.5  34.5 1.066915 1.272820 0.360557 hargrave 2026-07-26 10:44:52 
