D6A- 1171a unoriented drill core
   1171  90.0  90.0  90.0   0.0  31.6
NRM    323.8  31.0 323.8  31.0 6.58E-04 000.8 224.5  43.8 21.12303 22.48511 7.811025 hargrave 2026-07-23 05:35:01 
AF  10 323.1  28.7 323.1  28.7 6.35E-04 000.8 227.6  44.5 20.06271 21.21555 8.347467 hargrave 2026-07-23 05:36:36 
AF  20 321.7  22.9 321.7  22.9 5.98E-04 000.8 235.7  46.3 19.08087 19.84836 9.134260 hargrave 2026-07-23 05:40:03 
AF  30 320.6  16.7 320.6  16.7 5.71E-04 000.8 244.6  47.7 18.00498 19.11945 9.188543 hargrave 2026-07-23 05:43:30 
AF  40 319.9  11.5 319.9  11.5 5.55E-04 000.7 252.4  48.5 17.23492 18.41758 8.260396 hargrave 2026-07-23 05:46:57 
AF  50 319.5  09.0 319.5  09.0 5.47E-04 000.7 256.3  48.7 16.78897 18.19242 8.117515 hargrave 2026-07-23 05:50:23 
AF  75 319.1  05.7 319.1  05.7 5.27E-04 000.7 261.4  48.8 15.94404 17.51696 7.918592 hargrave 2026-07-23 05:53:51 
AF 100 318.7  04.4 318.7  04.4 5.07E-04 000.7 263.3  48.5 15.34972 16.84829 7.786473 hargrave 2026-07-23 05:57:17 
AF 125 317.9  04.2 317.9  04.2 4.85E-04 000.7 263.7  47.7 14.72451 16.03066 7.047442 hargrave 2026-07-23 06:00:43 
AF 150 317.4  04.2 317.4  04.2 4.64E-04 000.7 263.8  47.2 14.08050 15.23603 7.437087 hargrave 2026-07-23 06:04:08 
AF 175 316.8  04.4 316.8  04.4 4.48E-04 000.7 263.7  46.6 13.43332 14.60522 7.185832 hargrave 2026-07-23 06:07:33 
AF 200 316.0  04.6 316.0  04.6 4.29E-04 000.7 263.4  45.8 12.86931 13.79349 7.038834 hargrave 2026-07-23 06:10:58 
AF 225 315.5  04.8 315.5  04.8 4.15E-04 000.6 263.2  45.3 12.35281 13.25246 6.860475 hargrave 2026-07-23 06:14:23 
AF 250 314.9  05.3 314.9  05.3 4.01E-04 000.6 262.6  44.7 11.87973 12.63357 6.764456 hargrave 2026-07-23 06:17:48 
AF 275 314.1  05.6 314.1  05.6 3.87E-04 000.6 262.2  43.8 11.40354 12.15014 6.699923 hargrave 2026-07-23 06:21:13 
AF 300 313.5  06.2 313.5  06.2 3.75E-04 000.6 261.5  43.2 11.03879 11.58684 6.640495 hargrave 2026-07-23 06:24:38 
AF 350 312.1  06.7 312.1  06.7 3.51E-04 000.6 261.0  41.7 10.15896 10.78882 6.380694 hargrave 2026-07-23 06:28:04 
AF 400 310.8  07.7 310.8  07.7 3.32E-04 000.6 259.9  40.3 9.642957 10.04189 6.202768 hargrave 2026-07-23 06:31:30 
AF 450 309.7  08.2 309.7  08.2 3.16E-04 000.6 259.4  39.2 9.130699 9.441427 5.947039 hargrave 2026-07-23 06:34:58 
AF 500 308.6  09.2 308.6  09.2 3.02E-04 000.6 258.3  38.0 8.560277 8.741731 5.690410 hargrave 2026-07-23 06:38:24 
AF 550 306.9  10.1 306.9  10.1 2.85E-04 000.6 257.5  36.2 7.908743 8.145596 5.635969 hargrave 2026-07-23 06:41:51 
AF 600 305.7  11.2 305.7  11.2 2.70E-04 000.6 256.3  35.0 7.553025 7.305627 5.297896 hargrave 2026-07-23 06:45:18 
AF 650 304.2  12.2 304.2  12.2 2.57E-04 000.6 255.4  33.3 6.897414 6.947890 5.065567 hargrave 2026-07-23 06:48:44 
AF 700 302.8  13.5 302.8  13.5 2.43E-04 000.6 254.1  31.8 6.428313 6.407264 4.694371 hargrave 2026-07-23 06:52:11 
AF 750 301.1  14.6 301.1  14.6 2.30E-04 000.6 253.1  30.0 5.821517 5.868914 4.455805 hargrave 2026-07-23 06:55:38 
AF 800 299.6  15.7 299.6  15.7 2.18E-04 000.6 252.1  28.3 5.477099 5.236387 4.182532 hargrave 2026-07-23 06:59:05 
AF 850 298.5  16.6 298.5  16.6 2.08E-04 000.6 251.2  27.2 5.095984 4.868044 3.852707 hargrave 2026-07-23 07:02:32 
AF 900 296.7  17.9 296.7  17.9 1.96E-04 000.5 250.2  25.3 4.608384 4.303538 3.640090 hargrave 2026-07-23 07:05:59 
AF 950 295.6  18.3 295.6  18.3 1.86E-04 000.5 249.8  24.2 4.156545 3.964170 3.356375 hargrave 2026-07-23 07:09:27 
AF1000 294.5  18.9 294.5  18.9 1.76E-04 000.5 249.4  23.1 3.949084 3.506830 3.193934 hargrave 2026-07-23 07:12:54 
AF1050 294.0  19.9 294.0  19.9 1.68E-04 000.5 248.4  22.5 3.708670 3.304540 2.855087 hargrave 2026-07-23 07:16:22 
AF1100 293.3  20.0 293.3  20.0 1.58E-04 000.5 248.4  21.9 3.316297 2.817710 2.811398 hargrave 2026-07-23 07:19:50 
AF1150 293.7  19.9 293.7  19.9 1.51E-04 000.5 248.4  22.2 3.187788 2.747307 2.683914 hargrave 2026-07-23 07:23:17 
AF1200 293.6  19.8 293.6  19.8 1.43E-04 000.5 248.6  22.1 3.095933 2.583941 2.551823 hargrave 2026-07-23 07:26:46 
AF1250 293.4  19.1 293.4  19.1 1.35E-04 000.5 249.3  22.1 3.037018 2.585508 2.451188 hargrave 2026-07-23 07:30:14 
AF1300 293.4  18.5 293.4  18.5 1.27E-04 000.5 250.0  22.1 2.956084 2.538665 2.447368 hargrave 2026-07-23 07:33:43 
