D6A- 953a unoriented drill core
    953  90.0  90.0  90.0   0.0  30.0
NRM    240.7  52.5 240.7  52.5 9.22E-04 000.4 213.8 -17.3 13.66637 15.12943 9.432253 hargrave 2026-07-22 20:47:40 
AF  10 241.7  50.7 241.7  50.7 8.73E-04 000.5 215.8 -17.5 13.80711 15.32355 8.634800 hargrave 2026-07-22 20:49:15 
AF  20 241.9  44.6 241.9  44.6 7.78E-04 000.5 221.8 -19.6 13.22014 13.45557 6.799496 hargrave 2026-07-22 20:50:50 
AF  30 241.9  37.4 241.9  37.4 6.99E-04 000.5 229.0 -22.0 12.45978 11.91736 5.247266 hargrave 2026-07-22 20:52:25 
AF  40 241.8  31.1 241.8  31.1 6.43E-04 000.5 235.6 -23.9 11.91148 11.23203 4.085107 hargrave 2026-07-22 20:56:13 
AF  50 241.8  27.7 241.8  27.7 6.11E-04 000.4 239.2 -24.8 10.85688 10.56443 3.733861 hargrave 2026-07-22 20:59:38 
AF  75 242.1  22.8 242.1  22.8 5.41E-04 000.5 244.6 -25.5 10.18247 9.988070 3.783398 hargrave 2026-07-22 21:03:16 
AF 100 242.7  20.9 242.7  20.9 4.84E-04 000.5 246.7 -25.4 8.836507 9.337138 3.269145 hargrave 2026-07-22 21:06:40 
AF 125 243.4  20.5 243.4  20.5 4.39E-04 000.4 247.3 -24.8 7.811307 8.520792 3.282553 hargrave 2026-07-22 21:10:06 
AF 150 244.4  20.4 244.4  20.4 4.01E-04 000.5 247.6 -23.9 7.297497 8.021061 3.392998 hargrave 2026-07-22 21:13:42 
AF 175 245.6  20.1 245.6  20.1 3.72E-04 000.4 248.1 -22.8 6.254279 7.357727 3.477575 hargrave 2026-07-22 21:17:07 
AF 200 246.8  20.0 246.8  20.0 3.45E-04 000.4 248.4 -21.8 5.682584 6.811609 3.461799 hargrave 2026-07-22 21:20:32 
AF 225 247.6  20.0 247.6  20.0 3.28E-04 000.4 248.5 -21.0 5.277566 6.401791 3.444670 hargrave 2026-07-22 21:23:57 
AF 250 248.5  20.2 248.5  20.2 3.12E-04 000.4 248.5 -20.2 4.888947 6.136078 3.530113 hargrave 2026-07-22 21:27:23 
AF 275 249.3  19.6 249.3  19.6 3.00E-04 000.4 249.1 -19.4 4.576649 5.810092 3.419553 hargrave 2026-07-22 21:30:48 
AF 300 249.8  19.9 249.8  19.9 2.89E-04 000.4 248.9 -19.0 4.314250 5.626951 3.370593 hargrave 2026-07-22 21:34:15 
AF 350 250.7  19.6 250.7  19.6 2.74E-04 000.4 249.3 -18.1 3.925636 5.178324 3.257605 hargrave 2026-07-22 21:37:41 
AF 400 251.1  19.9 251.1  19.9 2.61E-04 000.4 249.0 -17.7 3.791083 5.049363 3.242425 hargrave 2026-07-22 21:41:31 
AF 450 251.5  19.8 251.5  19.8 2.50E-04 000.4 249.2 -17.4 3.324478 4.708119 3.210166 hargrave 2026-07-22 21:44:58 
AF 500 251.4  19.5 251.4  19.5 2.44E-04 000.4 249.5 -17.5 3.315854 4.611943 3.113830 hargrave 2026-07-22 21:48:25 
AF 550 251.6  19.7 251.6  19.7 2.34E-04 000.4 249.3 -17.3 3.254920 4.392691 3.074424 hargrave 2026-07-22 21:52:02 
AF 600 251.5  20.0 251.5  20.0 2.29E-04 000.4 249.0 -17.4 3.044283 4.135222 2.868312 hargrave 2026-07-22 21:55:29 
AF 650 250.7  20.3 250.7  20.3 2.18E-04 000.4 248.6 -18.1 3.028762 4.179156 2.874389 hargrave 2026-07-22 21:58:56 
AF 700 251.3  19.1 251.3  19.1 2.16E-04 000.4 249.9 -17.7 2.800922 3.948831 2.770767 hargrave 2026-07-22 22:02:23 
AF 750 251.4  19.9 251.4  19.9 2.05E-04 000.5 249.1 -17.4 3.486644 3.757980 2.677917 hargrave 2026-07-22 22:06:02 
AF 800 251.8  19.8 251.8  19.8 2.00E-04 000.4 249.2 -17.1 2.578473 3.632041 2.642146 hargrave 2026-07-22 22:09:29 
AF 850 251.6  19.9 251.6  19.9 1.91E-04 000.4 249.1 -17.3 2.593467 3.351116 2.506767 hargrave 2026-07-22 22:13:19 
AF 900 251.1  19.8 251.1  19.8 1.85E-04 000.4 249.2 -17.7 2.355178 3.371390 2.425453 hargrave 2026-07-22 22:16:57 
AF 950 251.9  20.1 251.9  20.1 1.77E-04 000.4 248.9 -16.9 2.271184 3.170713 2.316427 hargrave 2026-07-22 22:20:24 
AF1000 251.0  20.2 251.0  20.2 1.68E-04 000.4 248.7 -17.8 1.887733 3.083871 2.168350 hargrave 2026-07-22 22:24:04 
AF1050 251.2  20.2 251.2  20.2 1.61E-04 000.4 248.8 -17.6 2.058766 3.006063 2.134991 hargrave 2026-07-22 22:27:54 
AF1100 250.8  20.2 250.8  20.2 1.52E-04 000.4 248.7 -18.0 2.001328 2.708281 2.022120 hargrave 2026-07-22 22:31:33 
AF1150 250.0  20.6 250.0  20.6 1.43E-04 000.4 248.2 -18.6 1.931920 2.622155 1.860303 hargrave 2026-07-22 22:35:00 
AF1200 250.6  20.3 250.6  20.3 1.38E-04 000.4 248.6 -18.1 1.810988 2.519166 1.853867 hargrave 2026-07-22 22:38:39 
AF1250 250.1  20.7 250.1  20.7 1.28E-04 000.5 248.1 -18.5 2.523896 2.614532 1.589269 hargrave 2026-07-22 22:42:07 
AF1300 250.7  20.6 250.7  20.6 1.20E-04 000.4 248.2 -18.1 1.619388 2.359295 1.635227 hargrave 2026-07-22 22:45:59 
