D6A- 323a unoriented drill core
    323  90.0  90.0  90.0   0.0  30.6
NRM    232.8  48.7 232.8  48.7 8.52E-04 000.5 215.0 -23.5 14.93150 10.94687 17.76268 hargrave 2026-07-23 00:20:48 
AF  10 232.2  45.3 232.2  45.3 8.17E-04 000.5 218.1 -25.5 15.80638 12.18762 16.59060 hargrave 2026-07-23 00:22:23 
AF  20 232.2  37.7 232.2  37.7 7.24E-04 000.6 225.7 -29.0 15.65500 12.49115 14.32881 hargrave 2026-07-23 00:23:58 
AF  30 232.3  31.0 232.3  31.0 6.58E-04 000.6 232.8 -31.6 15.38595 12.38436 12.56348 hargrave 2026-07-23 00:25:33 
AF  40 232.2  27.0 232.2  27.0 6.18E-04 000.6 237.2 -33.1 16.12572 12.42473 11.21356 hargrave 2026-07-23 00:29:00 
AF  50 232.3  25.4 232.3  25.4 5.94E-04 000.6 239.0 -33.5 15.17467 12.19899 10.68503 hargrave 2026-07-23 00:32:38 
AF  75 232.1  23.6 232.1  23.6 5.22E-04 000.6 241.0 -34.3 13.54278 11.64578 9.415198 hargrave 2026-07-23 00:36:04 
AF 100 231.5  22.9 231.5  22.9 4.62E-04 000.6 241.6 -35.0 11.34706 10.74010 8.177081 hargrave 2026-07-23 00:39:31 
AF 125 231.6  22.8 231.6  22.8 4.09E-04 000.6 241.7 -35.0 10.68104 9.700883 7.214401 hargrave 2026-07-23 00:42:58 
AF 150 232.1  22.9 232.1  22.9 3.65E-04 000.6 241.8 -34.4 9.537201 8.608304 6.474384 hargrave 2026-07-23 00:46:24 
AF 175 232.5  23.3 232.5  23.3 3.26E-04 000.6 241.5 -34.0 8.433354 7.694167 5.714825 hargrave 2026-07-23 00:49:51 
AF 200 233.4  23.4 233.4  23.4 2.92E-04 000.6 241.7 -33.2 7.591903 7.162993 5.415503 hargrave 2026-07-23 00:53:17 
AF 225 233.6  24.0 233.6  24.0 2.66E-04 000.6 241.1 -32.9 6.837044 6.640209 4.987446 hargrave 2026-07-23 00:56:44 
AF 250 233.2  24.2 233.2  24.2 2.48E-04 000.6 240.7 -33.1 6.389764 6.345476 4.601040 hargrave 2026-07-23 01:00:11 
AF 275 234.6  24.0 234.6  24.0 2.27E-04 000.6 241.3 -31.9 5.517131 5.674891 4.463454 hargrave 2026-07-23 01:03:37 
AF 300 233.9  24.8 233.9  24.8 2.15E-04 000.6 240.2 -32.3 5.340816 5.509059 4.236714 hargrave 2026-07-23 01:07:04 
AF 350 234.9  25.8 234.9  25.8 2.00E-04 000.6 239.4 -31.1 4.751478 5.011999 3.951532 hargrave 2026-07-23 01:10:42 
AF 400 235.5  26.1 235.5  26.1 1.84E-04 000.6 239.3 -30.6 4.334499 4.687518 3.828002 hargrave 2026-07-23 01:14:08 
AF 450 235.9  26.5 235.9  26.5 1.73E-04 000.6 238.9 -30.1 3.808168 4.369822 3.534834 hargrave 2026-07-23 01:17:35 
AF 500 235.6  26.5 235.6  26.5 1.63E-04 000.6 238.9 -30.4 3.860346 4.202692 3.338003 hargrave 2026-07-23 01:21:02 
AF 550 235.5  26.1 235.5  26.1 1.59E-04 000.6 239.3 -30.6 3.768808 3.943760 3.259665 hargrave 2026-07-23 01:24:39 
AF 600 234.9  25.8 234.9  25.8 1.50E-04 000.7 239.4 -31.2 3.725395 4.219355 3.294699 hargrave 2026-07-23 01:28:06 
AF 650 235.5  25.8 235.5  25.8 1.45E-04 000.6 239.6 -30.7 3.381168 3.745765 3.123573 hargrave 2026-07-23 01:31:32 
AF 700 234.4  26.6 234.4  26.6 1.40E-04 000.6 238.4 -31.3 3.235947 3.455418 2.776769 hargrave 2026-07-23 01:34:59 
AF 750 234.6  24.9 234.6  24.9 1.34E-04 000.7 240.4 -31.7 3.454055 3.760255 2.822500 hargrave 2026-07-23 01:38:25 
AF 800 236.0  24.1 236.0  24.1 1.29E-04 000.6 241.6 -30.7 3.170196 3.546862 2.589810 hargrave 2026-07-23 01:41:52 
AF 850 234.5  24.4 234.5  24.4 1.21E-04 000.6 240.9 -31.9 3.005909 3.295336 2.439595 hargrave 2026-07-23 01:45:20 
AF 900 237.5  24.8 237.5  24.8 1.20E-04 000.6 241.3 -29.2 2.958519 3.110374 2.564051 hargrave 2026-07-23 01:48:47 
AF 950 235.5  23.4 235.5  23.4 1.04E-04 000.7 242.4 -31.3 2.581841 2.837996 2.292407 hargrave 2026-07-23 01:52:14 
AF1000 236.1  22.5 236.1  22.5 1.02E-04 000.6 243.5 -31.0 2.359345 2.527136 2.146495 hargrave 2026-07-23 01:55:42 
AF1050 234.1  23.3 234.1  23.3 9.62E-05 000.6 242.0 -32.6 2.356958 2.699042 2.040344 hargrave 2026-07-23 01:59:10 
AF1100 234.4  22.0 234.4  22.0 8.88E-05 000.6 243.6 -32.7 2.089174 2.316453 1.981829 hargrave 2026-07-23 02:02:38 
AF1150 235.1  21.0 235.1  21.0 8.62E-05 000.6 244.9 -32.3 2.151007 2.174057 1.648601 hargrave 2026-07-23 02:06:06 
AF1200 232.6  21.1 232.6  21.1 8.00E-05 000.6 244.1 -34.5 2.031010 2.130195 1.582962 hargrave 2026-07-23 02:09:35 
AF1250 234.4  20.6 234.4  20.6 7.56E-05 000.7 245.2 -33.1 1.979452 2.186602 1.551124 hargrave 2026-07-23 02:13:03 
AF1300 231.4  20.2 231.4  20.2 6.66E-05 000.6 244.8 -35.9 1.668141 1.589278 1.415212 hargrave 2026-07-23 02:16:32 
