D6A- 1880a unoriented drill core
   1880  90.0   0.0  90.0   0.0  20.1
NRM    043.8  83.4 043.8  83.4 1.52E-03 000.8 043.8  83.4 29.58218 32.65532 27.25773 hargrave 2026-07-21 15:24:26 
NRM    043.9  83.4 043.9  83.4 1.52E-03 000.9 043.9  83.4 30.73482 33.60645 25.21195 hargrave 2026-07-21 15:38:13 
AF  10 046.9  83.5 046.9  83.5 1.47E-03 000.9 046.9  83.5 30.09048 32.76481 22.75034 hargrave 2026-07-21 15:39:49 
AF  20 044.9  83.1 044.9  83.1 1.34E-03 000.9 044.9  83.1 27.32486 29.91777 21.12921 hargrave 2026-07-21 15:41:25 
AF  30 040.5  82.1 040.5  82.1 1.17E-03 000.9 040.5  82.1 24.44240 26.82219 18.89403 hargrave 2026-07-21 15:43:00 
AF  40 035.1  80.8 035.1  80.8 1.02E-03 000.9 035.1  80.8 21.76989 23.72056 17.56374 hargrave 2026-07-21 15:44:36 
AF  50 031.6  79.1 031.6  79.1 8.71E-04 001.0 031.6  79.1 19.12732 20.94532 16.25706 hargrave 2026-07-21 15:46:12 
AF  75 026.2  73.2 026.2  73.2 5.81E-04 001.0 026.2  73.2 13.08114 14.66812 13.69901 hargrave 2026-07-21 15:47:47 
AF 100 023.3  67.2 023.3  67.2 4.25E-04 001.1 023.3  67.2 9.614914 10.96989 11.60755 hargrave 2026-07-21 15:49:23 
AF 125 022.1  62.2 022.1  62.2 3.39E-04 001.2 022.1  62.2 7.672543 8.836361 9.848512 hargrave 2026-07-21 15:50:59 
AF 150 021.3  57.7 021.3  57.7 2.88E-04 001.2 021.3  57.7 6.481207 7.439614 8.633880 hargrave 2026-07-21 15:52:35 
AF 175 020.9  54.5 020.9  54.5 2.53E-04 001.2 020.9  54.5 5.665397 6.505229 7.665797 hargrave 2026-07-21 15:54:11 
AF 200 020.5  51.5 020.5  51.5 2.30E-04 001.2 020.5  51.5 4.985981 5.871911 6.876244 hargrave 2026-07-21 15:55:46 
AF 225 020.1  50.1 020.1  50.1 2.10E-04 001.2 020.1  50.1 4.680684 5.302076 6.273410 hargrave 2026-07-21 15:57:22 
AF 250 020.1  48.6 020.1  48.6 1.97E-04 001.2 020.1  48.6 4.206088 4.964172 5.649902 hargrave 2026-07-21 15:59:53 
AF 275 019.7  47.6 019.7  47.6 1.84E-04 001.2 019.7  47.6 4.078823 4.588186 5.171769 hargrave 2026-07-21 16:01:29 
AF 300 019.6  46.9 019.6  46.9 1.74E-04 001.2 019.6  46.9 3.708911 4.394863 4.800624 hargrave 2026-07-21 16:03:05 
AF 350 018.5  45.0 018.5  45.0 1.59E-04 001.1 018.5  45.0 3.437806 3.946699 4.243313 hargrave 2026-07-21 16:04:40 
AF 400 019.0  43.6 019.0  43.6 1.46E-04 001.1 019.0  43.6 3.150629 3.490313 3.860448 hargrave 2026-07-21 16:06:16 
AF 450 018.7  43.6 018.7  43.6 1.36E-04 001.1 018.7  43.6 2.876727 3.340733 3.435213 hargrave 2026-07-21 16:07:52 
AF 500 019.1  42.5 019.1  42.5 1.28E-04 001.1 019.1  42.5 2.848369 2.996881 3.253977 hargrave 2026-07-21 16:09:28 
AF 550 018.3  42.4 018.3  42.4 1.20E-04 001.1 018.3  42.4 2.638897 2.818926 2.942849 hargrave 2026-07-21 16:11:04 
AF 600 020.3  41.9 020.3  41.9 1.12E-04 001.1 020.3  41.9 2.350673 2.616089 2.717878 hargrave 2026-07-21 16:12:40 
AF 650 019.1  41.5 019.1  41.5 1.06E-04 001.1 019.1  41.5 2.303745 2.430186 2.447857 hargrave 2026-07-21 16:14:15 
AF 700 022.6  41.3 022.6  41.3 9.88E-05 001.1 022.6  41.3 2.208700 2.237343 2.258519 hargrave 2026-07-21 16:15:51 
AF 750 024.3  40.2 024.3  40.2 9.27E-05 001.0 024.3  40.2 1.952304 2.055219 2.119403 hargrave 2026-07-21 16:17:27 
AF 800 027.0  39.2 027.0  39.2 8.79E-05 001.0 027.0  39.2 1.737107 1.792330 2.034704 hargrave 2026-07-21 16:19:02 
AF 850 027.2  40.7 027.2  40.7 7.99E-05 001.0 027.2  40.7 1.631013 1.639381 1.765218 hargrave 2026-07-21 16:20:38 
AF 900 033.9  41.5 033.9  41.5 7.37E-05 001.0 033.9  41.5 1.589427 1.517217 1.631835 hargrave 2026-07-21 16:22:14 
AF 950 038.7  39.1 038.7  39.1 6.87E-05 000.9 038.7  39.1 1.374780 1.238185 1.543404 hargrave 2026-07-21 16:23:51 
AF1000 043.1  38.8 043.1  38.8 6.37E-05 000.9 043.1  38.8 1.299086 0.938076 1.389817 hargrave 2026-07-21 16:25:27 
AF1050 051.8  36.6 051.8  36.6 6.09E-05 000.8 051.8  36.6 1.209982 0.829062 1.425962 hargrave 2026-07-21 16:27:04 
AF1100 061.9  32.4 061.9  32.4 5.76E-05 000.8 061.9  32.4 1.170055 0.665797 1.241985 hargrave 2026-07-21 16:29:36 
AF1150 067.2  30.1 067.2  30.1 5.71E-05 000.8 067.2  30.1 1.154193 0.464098 1.164824 hargrave 2026-07-21 16:31:13 
AF1200 072.4  26.2 072.4  26.2 5.49E-05 000.8 072.4  26.2 1.064258 0.286969 1.063007 hargrave 2026-07-21 16:32:51 
AF1250 078.9  22.0 078.9  22.0 5.56E-05 000.7 078.9  22.0 1.028373 0.218821 0.988703 hargrave 2026-07-21 16:34:28 
AF1300 084.3  17.7 084.3  17.7 5.75E-05 000.7 084.3  17.7 0.993985 0.381143 1.012540 hargrave 2026-07-21 16:36:06 
