D6A- 1857a unoriented drill core
   1857  90.0   0.0  90.0   0.0  23.5
NRM    084.5  82.3 084.5  82.3 2.33E-03 000.6 084.5  82.3 41.52852 33.94276 41.38079 hargrave 2026-07-21 15:26:05 
NRM    084.8  82.4 084.8  82.4 2.33E-03 000.5 084.8  82.4 38.46240 30.89607 40.38940 hargrave 2026-07-21 16:37:46 
AF  10 086.4  82.5 086.4  82.5 2.30E-03 000.5 086.4  82.5 37.85658 30.21170 39.75228 hargrave 2026-07-21 16:39:22 
AF  20 089.4  82.5 089.4  82.5 2.19E-03 000.5 089.4  82.5 36.42878 29.25453 37.88834 hargrave 2026-07-21 16:40:58 
AF  30 090.8  82.3 090.8  82.3 2.01E-03 000.5 090.8  82.3 34.14247 27.48700 35.89330 hargrave 2026-07-21 16:42:34 
AF  40 090.6  82.1 090.6  82.1 1.79E-03 000.5 090.6  82.1 31.20628 25.37877 34.12683 hargrave 2026-07-21 16:44:10 
AF  50 088.9  81.8 088.9  81.8 1.54E-03 000.6 088.9  81.8 27.74146 22.88291 30.89040 hargrave 2026-07-21 16:45:46 
AF  75 079.0  80.7 079.0  80.7 9.53E-04 000.6 079.0  80.7 18.63427 16.00858 21.78939 hargrave 2026-07-21 16:47:22 
AF 100 065.4  78.6 065.4  78.6 6.07E-04 000.7 065.4  78.6 12.21414 11.20128 15.11237 hargrave 2026-07-21 16:49:53 
AF 125 055.0  76.0 055.0  76.0 4.10E-04 000.8 055.0  76.0 8.869275 8.247668 10.71652 hargrave 2026-07-21 16:51:29 
AF 150 049.2  72.7 049.2  72.7 2.95E-04 000.9 049.2  72.7 6.934400 6.520705 7.989224 hargrave 2026-07-21 16:53:05 
AF 175 045.2  69.3 045.2  69.3 2.20E-04 000.9 045.2  69.3 5.340408 5.330164 6.148383 hargrave 2026-07-21 16:54:41 
AF 200 042.3  66.1 042.3  66.1 1.70E-04 001.0 042.3  66.1 4.577973 4.573595 4.886801 hargrave 2026-07-21 16:56:16 
AF 225 040.0  63.0 040.0  63.0 1.33E-04 001.2 040.0  63.0 3.833448 4.032448 3.847179 hargrave 2026-07-21 16:57:52 
AF 250 040.4  60.4 040.4  60.4 1.09E-04 001.2 040.4  60.4 3.352183 3.519304 3.172320 hargrave 2026-07-21 16:59:28 
AF 275 040.8  56.2 040.8  56.2 9.10E-05 001.4 040.8  56.2 3.115694 3.358369 2.707979 hargrave 2026-07-21 17:01:04 
AF 300 041.6  52.8 041.6  52.8 7.84E-05 001.5 041.6  52.8 2.910507 3.106185 2.378021 hargrave 2026-07-21 17:02:40 
AF 350 042.9  47.7 042.9  47.7 6.11E-05 001.6 042.9  47.7 2.552627 2.757880 1.879715 hargrave 2026-07-21 17:04:16 
AF 400 042.0  46.9 042.0  46.9 4.97E-05 001.8 042.0  46.9 2.321312 2.583459 1.657794 hargrave 2026-07-21 17:05:52 
AF 450 042.1  41.5 042.1  41.5 4.39E-05 001.9 042.1  41.5 2.160503 2.362861 1.523768 hargrave 2026-07-21 17:07:28 
AF 500 039.6  40.5 039.6  40.5 4.11E-05 002.0 039.6  40.5 2.075638 2.339158 1.442865 hargrave 2026-07-21 17:09:04 
AF 550 046.4  37.9 046.4  37.9 3.91E-05 002.0 046.4  37.9 2.050770 2.298414 1.395546 hargrave 2026-07-21 17:10:40 
AF 600 052.0  34.3 052.0  34.3 3.66E-05 002.0 052.0  34.3 1.921029 2.157843 1.426443 hargrave 2026-07-21 17:12:16 
AF 650 050.5  30.1 050.5  30.1 3.61E-05 002.0 050.5  30.1 1.986616 2.139352 1.403724 hargrave 2026-07-21 17:13:52 
AF 700 049.0  30.6 049.0  30.6 3.44E-05 002.1 049.0  30.6 1.925530 2.093975 1.483027 hargrave 2026-07-21 17:16:24 
AF 750 049.3  29.8 049.3  29.8 3.37E-05 002.2 049.3  29.8 2.009418 2.187442 1.432952 hargrave 2026-07-21 17:18:00 
AF 800 049.9  27.6 049.9  27.6 3.22E-05 002.1 049.9  27.6 1.769653 1.997774 1.426051 hargrave 2026-07-21 17:19:36 
AF 850 051.1  26.4 051.1  26.4 3.18E-05 002.1 051.1  26.4 1.796664 1.932662 1.440796 hargrave 2026-07-21 17:21:12 
AF 900 053.6  27.6 053.6  27.6 3.08E-05 002.2 053.6  27.6 1.786904 1.993594 1.459798 hargrave 2026-07-21 17:22:48 
AF 950 051.9  26.6 051.9  26.6 3.01E-05 002.2 051.9  26.6 1.752231 2.000946 1.493573 hargrave 2026-07-21 17:24:24 
AF1000 049.9  24.8 049.9  24.8 2.94E-05 002.2 049.9  24.8 1.711410 1.862352 1.420225 hargrave 2026-07-21 17:26:01 
AF1050 052.4  24.5 052.4  24.5 2.97E-05 002.1 052.4  24.5 1.698469 1.911840 1.467647 hargrave 2026-07-21 17:27:37 
AF1100 054.8  20.9 054.8  20.9 2.78E-05 002.1 054.8  20.9 1.558421 1.786197 1.358932 hargrave 2026-07-21 17:29:14 
AF1150 056.2  23.6 056.2  23.6 2.50E-05 002.2 056.2  23.6 1.428891 1.649715 1.368905 hargrave 2026-07-21 17:30:51 
AF1200 055.8  21.6 055.8  21.6 2.97E-05 001.9 055.8  21.6 1.521476 1.701440 1.396463 hargrave 2026-07-21 17:32:29 
AF1250 054.1  23.3 054.1  23.3 2.46E-05 002.3 054.1  23.3 1.479493 1.649683 1.353685 hargrave 2026-07-21 17:34:06 
AF1300 059.6  19.3 059.6  19.3 2.51E-05 002.1 059.6  19.3 1.523004 1.678801 1.244799 hargrave 2026-07-21 17:35:45 
