D6A- 1605a unoriented drill core
   1605  90.0   0.0  90.0   0.0  20.9
NRM    028.2 -84.5 028.2 -84.5 3.64E-04 000.7 028.2 -84.5 6.480528 6.143127 5.996818 hargrave 2026-07-21 15:29:34 
NRM    028.2 -84.5 028.2 -84.5 3.64E-04 000.6 028.2 -84.5 6.176060 5.870634 5.676379 hargrave 2026-07-21 17:39:13 
AF  10 023.9 -85.0 023.9 -85.0 3.47E-04 000.6 023.9 -85.0 6.004010 5.780795 5.768484 hargrave 2026-07-21 17:42:41 
AF  20 006.2 -85.7 006.2 -85.7 3.08E-04 000.7 006.2 -85.7 5.450053 5.277537 5.678772 hargrave 2026-07-21 17:45:12 
AF  30 337.3 -85.5 337.3 -85.5 2.63E-04 000.7 337.3 -85.5 4.713150 4.591929 5.337251 hargrave 2026-07-21 17:46:47 
AF  40 309.7 -84.3 309.7 -84.3 2.24E-04 000.6 309.7 -84.3 3.898258 3.888253 4.855212 hargrave 2026-07-21 17:48:23 
AF  50 295.3 -81.9 295.3 -81.9 1.89E-04 000.6 295.3 -81.9 3.273457 3.308226 4.373831 hargrave 2026-07-21 17:49:59 
AF  75 279.2 -73.5 279.2 -73.5 1.26E-04 000.7 279.2 -73.5 2.122304 2.192533 3.386361 hargrave 2026-07-21 17:51:35 
AF 100 278.9 -65.9 278.9 -65.9 9.43E-05 000.5 278.9 -65.9 1.611044 1.568358 2.819547 hargrave 2026-07-21 17:53:11 
AF 125 279.0 -58.7 279.0 -58.7 7.73E-05 000.5 279.0 -58.7 1.402849 1.189840 2.444861 hargrave 2026-07-21 17:54:46 
AF 150 281.8 -53.1 281.8 -53.1 6.82E-05 000.6 281.8 -53.1 1.397628 1.070012 2.281644 hargrave 2026-07-21 17:56:22 
AF 175 284.5 -49.4 284.5 -49.4 6.16E-05 000.6 284.5 -49.4 1.297844 0.931605 2.162598 hargrave 2026-07-21 17:57:58 
AF 200 286.3 -45.9 286.3 -45.9 5.77E-05 000.7 286.3 -45.9 1.294806 0.815790 2.064886 hargrave 2026-07-21 17:59:34 
AF 225 289.4 -43.6 289.4 -43.6 5.52E-05 000.7 289.4 -43.6 1.256709 0.780877 1.987736 hargrave 2026-07-21 18:01:09 
AF 250 289.0 -42.0 289.0 -42.0 5.25E-05 000.8 289.0 -42.0 1.265948 0.774318 1.960171 hargrave 2026-07-21 18:02:45 
AF 275 291.5 -39.6 291.5 -39.6 5.11E-05 000.8 291.5 -39.6 1.229901 0.727040 1.918225 hargrave 2026-07-21 18:04:21 
AF 300 291.4 -38.9 291.4 -38.9 4.99E-05 000.8 291.4 -38.9 1.273985 0.770154 1.870322 hargrave 2026-07-21 18:07:48 
AF 350 294.4 -38.0 294.4 -38.0 4.87E-05 000.8 294.4 -38.0 1.282536 0.723466 1.817539 hargrave 2026-07-21 18:11:15 
AF 400 296.3 -37.0 296.3 -37.0 4.75E-05 000.8 296.3 -37.0 1.273596 0.734358 1.768578 hargrave 2026-07-21 18:14:40 
AF 450 297.6 -35.8 297.6 -35.8 4.52E-05 000.8 297.6 -35.8 1.249698 0.700124 1.731124 hargrave 2026-07-21 18:18:07 
AF 500 299.8 -36.4 299.8 -36.4 4.47E-05 000.8 299.8 -36.4 1.197311 0.663910 1.692989 hargrave 2026-07-21 18:21:33 
AF 550 301.5 -35.8 301.5 -35.8 4.42E-05 000.8 301.5 -35.8 1.197561 0.657834 1.683195 hargrave 2026-07-21 18:24:59 
AF 600 304.1 -36.3 304.1 -36.3 4.46E-05 000.8 304.1 -36.3 1.223694 0.679794 1.644803 hargrave 2026-07-21 18:28:26 
AF 650 305.4 -34.6 305.4 -34.6 4.40E-05 000.8 305.4 -34.6 1.255126 0.705327 1.639083 hargrave 2026-07-21 18:31:51 
AF 700 309.1 -33.8 309.1 -33.8 4.43E-05 000.7 309.1 -33.8 1.145512 0.631235 1.617764 hargrave 2026-07-21 18:35:18 
AF 750 310.7 -33.3 310.7 -33.3 4.35E-05 000.7 310.7 -33.3 1.205435 0.659326 1.592296 hargrave 2026-07-21 18:38:44 
AF 800 313.1 -33.2 313.1 -33.2 4.38E-05 000.7 313.1 -33.2 1.194669 0.637612 1.581410 hargrave 2026-07-21 18:42:09 
AF 850 314.1 -32.4 314.1 -32.4 4.58E-05 000.7 314.1 -32.4 1.271416 0.700355 1.601615 hargrave 2026-07-21 18:45:34 
AF 900 318.2 -32.3 318.2 -32.3 4.55E-05 000.6 318.2 -32.3 1.277996 0.710109 1.538427 hargrave 2026-07-21 18:49:01 
AF 950 318.3 -31.2 318.3 -31.2 4.57E-05 000.7 318.3 -31.2 1.279700 0.670493 1.535801 hargrave 2026-07-21 18:52:27 
AF1000 319.8 -30.6 319.8 -30.6 4.64E-05 000.6 319.8 -30.6 1.300380 0.668172 1.447931 hargrave 2026-07-21 18:55:53 
AF1050 320.5 -32.6 320.5 -32.6 4.52E-05 000.6 320.5 -32.6 1.258577 0.632585 1.514974 hargrave 2026-07-21 18:59:20 
AF1100 322.8 -31.2 322.8 -31.2 4.52E-05 000.6 322.8 -31.2 1.222405 0.627215 1.467949 hargrave 2026-07-21 19:02:48 
AF1150 324.0 -30.5 324.0 -30.5 4.61E-05 000.6 324.0 -30.5 1.273346 0.616205 1.428402 hargrave 2026-07-21 19:06:16 
AF1200 324.5 -31.5 324.5 -31.5 4.61E-05 000.6 324.5 -31.5 1.345388 0.691838 1.499932 hargrave 2026-07-21 19:09:45 
AF1250 324.3 -30.3 324.3 -30.3 4.64E-05 000.6 324.3 -30.3 1.370195 0.706379 1.475510 hargrave 2026-07-21 19:13:13 
AF1300 326.7 -32.3 326.7 -32.3 4.59E-05 000.6 326.7 -32.3 1.335173 0.680310 1.491960 hargrave 2026-07-21 19:16:43 
