D6A- 2046a unoriented drill core
   2046  90.0  90.0  90.0   0.0   1.0
NRM    253.7  76.8 253.7  76.8 2.37E-03 000.3 192.7 -03.7 0.683821 0.847154 0.997294 hargrave 2026-07-23 18:42:57 
AF  10 255.3  75.5 255.3  75.5 2.31E-03 000.3 194.1 -03.6 0.718712 0.998301 0.929235 hargrave 2026-07-23 18:46:23 
AF  20 258.2  74.5 258.2  74.5 2.14E-03 000.4 195.2 -03.1 0.701822 0.958032 0.834746 hargrave 2026-07-23 18:49:50 
AF  30 262.1  73.3 262.1  73.3 1.94E-03 000.4 196.6 -02.3 0.674823 0.947697 0.737344 hargrave 2026-07-23 18:53:16 
AF  40 267.3  71.8 267.3  71.8 1.73E-03 000.4 198.2 -00.8 0.614729 0.830996 0.657780 hargrave 2026-07-23 18:56:43 
AF  50 270.3  70.6 270.3  70.6 1.59E-03 000.4 199.4  00.1 0.560799 0.762514 0.608420 hargrave 2026-07-23 19:00:09 
AF  75 281.1  67.4 281.1  67.4 1.25E-03 000.4 202.2  04.2 0.424375 0.605945 0.461641 hargrave 2026-07-23 19:03:35 
AF 100 288.7  63.4 288.7  63.4 1.04E-03 000.4 205.3  08.2 0.352247 0.468027 0.435166 hargrave 2026-07-23 19:06:06 
AF 125 295.0  60.5 295.0  60.5 9.05E-04 000.4 207.2  12.0 0.298377 0.412914 0.411938 hargrave 2026-07-23 19:07:41 
AF 150 298.4  57.4 298.4  57.4 8.05E-04 000.4 209.4  14.8 0.246074 0.375484 0.357065 hargrave 2026-07-23 19:09:16 
AF 175 302.8  53.9 302.8  53.9 7.05E-04 000.4 211.5  18.6 0.240727 0.325368 0.330217 hargrave 2026-07-23 19:10:51 
AF 200 304.0  55.6 304.0  55.6 6.34E-04 000.4 209.6  18.4 0.220047 0.284082 0.316922 hargrave 2026-07-23 19:12:26 
AF 225 305.6  50.7 305.6  50.7 5.95E-04 000.4 213.6  21.6 0.211793 0.292480 0.306547 hargrave 2026-07-23 19:14:00 
AF 250 306.7  45.8 306.7  45.8 5.56E-04 000.4 217.9  24.6 0.203115 0.267571 0.257665 hargrave 2026-07-23 19:15:35 
AF 275 310.3  47.1 310.3  47.1 5.42E-04 000.4 215.3  26.1 0.235784 0.275576 0.237407 hargrave 2026-07-23 19:17:10 
AF 300 310.7  46.0 310.7  46.0 4.95E-04 000.4 216.2  26.9 0.156875 0.276543 0.223831 hargrave 2026-07-23 19:18:45 
AF 350 311.6  45.7 311.6  45.7 4.38E-04 000.5 216.2  27.6 0.234117 0.239780 0.204117 hargrave 2026-07-23 19:20:20 
AF 400 312.1  39.5 312.1  39.5 4.00E-04 000.5 222.0  31.2 0.208724 0.237131 0.221068 hargrave 2026-07-23 19:21:55 
AF 450 311.5  43.6 311.5  43.6 4.01E-04 000.5 218.2  28.7 0.261778 0.245133 0.212639 hargrave 2026-07-23 19:23:30 
AF 500 314.0  43.4 314.0  43.4 3.38E-04 000.5 217.3  30.3 0.207339 0.209094 0.201985 hargrave 2026-07-23 19:25:04 
AF 550 309.6  41.8 309.6  41.8 3.30E-04 000.5 220.7  28.4 0.158699 0.201931 0.155551 hargrave 2026-07-23 19:26:39 
AF 600 317.1  38.6 317.1  38.6 3.04E-04 000.7 220.5  34.9 0.222327 0.203659 0.227517 hargrave 2026-07-23 19:28:13 
AF 650 318.2  36.2 318.2  36.2 2.85E-04 000.6 222.4  37.0 0.200582 0.205296 0.158451 hargrave 2026-07-23 19:29:48 
AF 700 307.7  37.9 307.7  37.9 2.88E-04 000.7 225.5  28.8 0.078697 0.163439 0.309605 hargrave 2026-07-23 19:31:22 
AF 750 313.7  39.0 313.7  39.0 2.82E-04 000.6 221.7  32.5 0.208766 0.182935 0.154657 hargrave 2026-07-23 19:32:56 
AF 800 307.5  40.2 307.5  40.2 2.59E-04 000.6 223.3  27.7 0.183837 0.155331 0.192496 hargrave 2026-07-23 19:34:31 
AF 850 311.3  29.9 311.3  29.9 2.69E-04 000.6 232.6  34.9 0.173831 0.178606 0.174746 hargrave 2026-07-23 19:36:05 
AF 900 314.3  38.7 314.3  38.7 2.67E-04 000.5 221.8  33.0 0.162968 0.175124 0.089204 hargrave 2026-07-23 19:37:40 
AF 950 307.2  43.2 307.2  43.2 2.21E-04 000.8 220.3  26.2 0.139506 0.180014 0.228782 hargrave 2026-07-23 19:39:14 
AF1000 309.4  48.6 309.4  48.6 2.21E-04 000.6 214.3  24.8 0.162108 0.155874 0.156171 hargrave 2026-07-23 19:40:49 
AF1050 313.6  38.8 313.6  38.8 2.54E-04 000.6 222.0  32.5 0.191544 0.163155 0.172409 hargrave 2026-07-23 19:42:25 
AF1100 313.1  42.7 313.1  42.7 2.03E-04 000.7 218.4  30.1 0.151443 0.148680 0.147386 hargrave 2026-07-23 19:44:01 
AF1150 313.3  41.4 313.3  41.4 2.04E-04 000.8 219.5  31.0 0.159785 0.169205 0.185661 hargrave 2026-07-23 19:45:37 
AF1200 314.0  50.1 314.0  50.1 1.86E-04 000.6 211.1  26.5 0.171232 0.150008 0.044940 hargrave 2026-07-23 19:47:13 
AF1250 314.1  44.8 314.1  44.8 1.67E-04 000.6 215.9  29.6 0.118527 0.135180 0.075938 hargrave 2026-07-23 19:48:49 
AF1300 323.4  37.8 323.4  37.8 1.64E-04 000.7 217.5  39.4 0.155908 0.157170 0.071319 hargrave 2026-07-23 19:50:26 
