D6A- 2076a unoriented drill core
   2076  90.0  90.0  90.0   0.0  28.5
NRM    027.5  78.9 027.5  78.9 2.37E-03 000.7 174.8  09.8 132.4281 82.64467 40.73574 hargrave 2026-07-23 14:19:56 
NRM    021.6  79.3 021.6  79.3 2.35E-03 001.1 176.0  09.9 183.4975 128.3764 30.97453 hargrave 2026-07-23 17:32:40 
AF  10 022.0  78.8 022.0  78.8 2.14E-03 000.6 175.8  10.4 89.30664 64.38866 27.53324 hargrave 2026-07-23 17:34:15 
AF  20 024.2  78.2 024.2  78.2 1.61E-03 000.3 175.1  10.8 15.68633 14.60581 20.46756 hargrave 2026-07-23 17:35:50 
AF  30 027.1  77.8 027.1  77.8 1.15E-03 000.3 174.4  10.8 11.07437 10.45566 14.51884 hargrave 2026-07-23 17:37:25 
AF  40 029.9  77.2 029.9  77.2 8.00E-04 000.3 173.6  11.0 7.571006 7.206172 10.03478 hargrave 2026-07-23 17:39:00 
AF  50 034.7  77.3 034.7  77.3 6.09E-04 000.3 172.7  10.4 5.803650 5.284844 7.724350 hargrave 2026-07-23 17:42:27 
AF  75 046.3  79.0 046.3  79.0 3.24E-04 000.3 172.0  07.6 2.916800 2.546193 4.134302 hargrave 2026-07-23 17:45:53 
AF 100 067.7  79.9 067.7  79.9 1.97E-04 000.3 170.6  03.8 1.519168 1.200779 2.517988 hargrave 2026-07-23 17:49:19 
AF 125 092.7  79.7 092.7  79.7 1.37E-04 000.3 169.7 -00.5 0.953573 0.704863 1.867693 hargrave 2026-07-23 17:52:46 
AF 150 118.7  78.8 118.7  78.8 1.02E-04 000.3 170.1 -05.3 0.697780 0.545158 1.230606 hargrave 2026-07-23 17:56:13 
AF 175 139.3  74.8 139.3  74.8 7.87E-05 000.3 170.0 -11.5 0.400597 0.420667 1.081195 hargrave 2026-07-23 17:59:39 
AF 200 140.4  68.3 140.4  68.3 6.41E-05 000.3 165.8 -16.5 0.336480 0.463404 0.860963 hargrave 2026-07-23 18:02:10 
AF 225 152.0  64.8 152.0  64.8 5.57E-05 000.3 167.5 -22.1 0.439590 0.301679 0.696442 hargrave 2026-07-23 18:03:45 
AF 250 148.4  61.3 148.4  61.3 5.30E-05 000.2 164.0 -24.1 0.376308 0.442138 0.426890 hargrave 2026-07-23 18:05:20 
AF 275 154.6  52.3 154.6  52.3 4.37E-05 000.2 161.6 -33.5 0.278163 0.144428 0.395637 hargrave 2026-07-23 18:06:55 
AF 300 159.5  56.3 159.5  56.3 4.05E-05 000.3 166.8 -31.3 0.214801 0.364248 0.428751 hargrave 2026-07-23 18:08:30 
AF 350 156.9  46.4 156.9  46.4 3.85E-05 000.4 159.5 -39.4 0.327783 0.474395 0.623100 hargrave 2026-07-23 18:10:05 
AF 400 160.4  46.2 160.4  46.2 3.57E-05 000.3 162.2 -40.7 0.144257 0.551793 0.324578 hargrave 2026-07-23 18:11:40 
AF 450 165.7  44.7 165.7  44.7 3.25E-05 000.3 166.0 -43.5 0.178606 0.433390 0.323927 hargrave 2026-07-23 18:13:16 
AF 500 163.8  47.4 163.8  47.4 3.46E-05 000.3 165.6 -40.5 0.356304 0.425664 0.417039 hargrave 2026-07-23 18:14:51 
AF 550 155.0  39.5 155.0  39.5 3.19E-05 000.3 152.8 -44.4 0.282193 0.437598 0.267941 hargrave 2026-07-23 18:16:26 
AF 600 159.6  40.6 159.6  40.6 2.84E-05 000.4 157.8 -45.4 0.315701 0.246645 0.371537 hargrave 2026-07-23 18:18:01 
AF 650 147.5  34.2 147.5  34.2 2.75E-05 000.3 141.7 -44.2 0.229788 0.328320 0.236488 hargrave 2026-07-23 18:19:36 
AF 700 156.4  42.7 156.4  42.7 2.77E-05 000.4 156.5 -42.3 0.252457 0.503042 0.375758 hargrave 2026-07-23 18:21:12 
AF 750 168.5  47.1 168.5  47.1 2.42E-05 000.4 169.5 -41.8 0.347405 0.454665 0.295362 hargrave 2026-07-23 18:22:47 
AF 800 150.2  42.5 150.2  42.5 2.50E-05 000.4 151.5 -39.8 0.413404 0.398868 0.299464 hargrave 2026-07-23 18:24:22 
AF 850 167.5  34.9 167.5  34.9 1.93E-05 000.6 162.7 -53.2 0.433621 0.430259 0.133171 hargrave 2026-07-23 18:25:57 
AF 900 144.9  34.9 144.9  34.9 2.25E-05 000.4 140.5 -42.1 0.349690 0.319167 0.297319 hargrave 2026-07-23 18:27:33 
AF 950 170.0  39.3 170.0  39.3 2.01E-05 000.5 168.1 -49.6 0.437843 0.342230 0.107572 hargrave 2026-07-23 18:29:08 
AF1000 154.4  47.2 154.4  47.2 1.96E-05 000.5 158.1 -37.8 0.324562 0.394674 0.153945 hargrave 2026-07-23 18:30:44 
AF1050 145.6  42.9 145.6  42.9 1.79E-05 000.5 148.7 -37.2 0.306449 0.302965 0.095858 hargrave 2026-07-23 18:32:20 
AF1100 161.3  44.2 161.3  44.2 1.71E-05 000.5 161.7 -42.7 0.321673 0.344149 0.121380 hargrave 2026-07-23 18:33:57 
AF1150 150.0  44.6 150.0  44.6 1.61E-05 000.8 153.1 -38.0 0.580758 0.495326 0.193974 hargrave 2026-07-23 18:35:33 
AF1200 152.8  51.0 152.8  51.0 1.51E-05 000.6 159.7 -34.0 0.259491 0.361499 0.295567 hargrave 2026-07-23 18:37:10 
AF1250 160.1  13.5 160.1  13.5 1.49E-05 000.7 125.3 -66.1 0.231785 0.518109 0.128019 hargrave 2026-07-23 18:38:46 
AF1300 156.1  37.5 156.1  37.5 1.62E-05 000.5 152.1 -46.5 0.273488 0.242499 0.158197 hargrave 2026-07-23 18:41:19 
