D6A- 653a unoriented drill core
    653  90.0  90.0  90.0   0.0  17.8
NRM    284.3 -21.2 284.3 -21.2 3.08E-06 001.0 291.8  13.4 0.091082 0.061819 0.033962 hargrave 2026-07-23 21:01:34 
AF  10 284.3 -21.2 284.3 -21.2 3.08E-06 001.0 291.8  13.3 0.090451 0.059942 0.033898 hargrave 2026-07-23 21:05:00 
AF  20 284.3 -21.3 284.3 -21.3 3.08E-06 001.0 291.9  13.3 0.090075 0.061849 0.034035 hargrave 2026-07-23 21:08:26 
AF  30 284.3 -21.3 284.3 -21.3 3.08E-06 001.0 291.9  13.3 0.088933 0.062041 0.034409 hargrave 2026-07-23 21:11:52 
AF  40 284.3 -21.3 284.3 -21.3 3.08E-06 001.0 291.9  13.3 0.089368 0.058892 0.034099 hargrave 2026-07-23 21:15:18 
AF  50 284.2 -21.4 284.2 -21.4 3.08E-06 001.0 292.0  13.2 0.089689 0.062139 0.034329 hargrave 2026-07-23 21:18:45 
AF  75 284.2 -21.5 284.2 -21.5 3.07E-06 001.0 292.1  13.2 0.088587 0.061900 0.034420 hargrave 2026-07-23 21:22:11 
AF 100 284.2 -21.6 284.2 -21.6 3.06E-06 001.0 292.2  13.2 0.088486 0.062179 0.034166 hargrave 2026-07-23 21:25:37 
AF 125 284.2 -21.7 284.2 -21.7 3.05E-06 001.0 292.4  13.2 0.092999 0.063713 0.033846 hargrave 2026-07-23 21:29:03 
AF 150 284.1 -21.9 284.1 -21.9 3.04E-06 001.0 292.5  13.1 0.089362 0.063925 0.033977 hargrave 2026-07-23 21:32:29 
AF 175 284.1 -22.2 284.1 -22.2 3.03E-06 001.0 292.8  13.0 0.089311 0.065845 0.034081 hargrave 2026-07-23 21:35:56 
AF 200 284.0 -22.4 284.0 -22.4 3.01E-06 001.0 293.0  13.0 0.087499 0.065684 0.033975 hargrave 2026-07-23 21:39:22 
AF 225 284.0 -22.2 284.0 -22.2 2.99E-06 000.9 292.8  12.9 0.067324 0.066302 0.033886 hargrave 2026-07-23 21:42:48 
AF 250 284.0 -22.4 284.0 -22.4 2.97E-06 000.9 293.0  12.9 0.066594 0.068127 0.033979 hargrave 2026-07-23 21:46:15 
AF 275 284.0 -22.7 284.0 -22.7 2.96E-06 000.9 293.3  12.9 0.066796 0.067664 0.034233 hargrave 2026-07-23 21:49:41 
AF 300 284.0 -22.9 284.0 -22.9 2.94E-06 000.9 293.5  12.8 0.064302 0.070153 0.033817 hargrave 2026-07-23 21:53:06 
AF 350 283.8 -23.1 283.8 -23.1 2.90E-06 000.6 293.7  12.7 0.030212 0.068778 0.034023 hargrave 2026-07-23 21:56:33 
AF 400 284.0 -23.5 284.0 -23.5 2.89E-06 000.6 294.1  12.8 0.034877 0.067044 0.033447 hargrave 2026-07-23 21:59:59 
AF 450 283.9 -24.1 283.9 -24.1 2.87E-06 000.6 294.7  12.6 0.031934 0.070284 0.033689 hargrave 2026-07-23 22:03:26 
AF 500 283.9 -24.4 283.9 -24.4 2.85E-06 000.7 295.1  12.6 0.033729 0.070688 0.033264 hargrave 2026-07-23 22:06:53 
AF 550 283.5 -24.6 283.5 -24.6 2.84E-06 000.5 295.2  12.3 0.030545 0.069472 0.013592 hargrave 2026-07-23 22:10:19 
AF 600 283.7 -25.0 283.7 -25.0 2.82E-06 000.5 295.7  12.4 0.031254 0.069825 0.012960 hargrave 2026-07-23 22:13:46 
AF 650 283.8 -25.4 283.8 -25.4 2.81E-06 000.6 296.0  12.5 0.031026 0.067658 0.021248 hargrave 2026-07-23 22:17:13 
AF 700 283.6 -25.4 283.6 -25.4 2.80E-06 000.7 296.1  12.3 0.035102 0.067106 0.032981 hargrave 2026-07-23 22:20:39 
AF 750 283.8 -26.0 283.8 -26.0 2.79E-06 000.7 296.6  12.4 0.033633 0.072752 0.033084 hargrave 2026-07-23 22:24:06 
AF 800 283.8 -26.1 283.8 -26.1 2.77E-06 000.7 296.8  12.3 0.037551 0.069812 0.032471 hargrave 2026-07-23 22:27:32 
AF 850 283.6 -26.3 283.6 -26.3 2.78E-06 000.7 297.0  12.2 0.035989 0.073026 0.032956 hargrave 2026-07-23 22:31:00 
AF 900 283.9 -26.2 283.9 -26.2 2.78E-06 000.7 296.8  12.4 0.031544 0.065698 0.032839 hargrave 2026-07-23 22:34:26 
AF 950 283.6 -26.1 283.6 -26.1 2.77E-06 000.7 296.8  12.2 0.031564 0.066238 0.032504 hargrave 2026-07-23 22:37:53 
AF1000 283.7 -26.4 283.7 -26.4 2.76E-06 000.7 297.1  12.3 0.032045 0.064388 0.032672 hargrave 2026-07-23 22:41:20 
AF1050 283.8 -26.8 283.8 -26.8 2.75E-06 000.7 297.5  12.2 0.035143 0.070092 0.031940 hargrave 2026-07-23 22:44:47 
AF1100 284.0 -26.9 284.0 -26.9 2.75E-06 000.7 297.6  12.4 0.032905 0.063978 0.032464 hargrave 2026-07-23 22:48:14 
AF1150 283.8 -26.6 283.8 -26.6 2.75E-06 000.7 297.3  12.3 0.036873 0.063003 0.032096 hargrave 2026-07-23 22:51:42 
AF1200 284.3 -26.9 284.3 -26.9 2.74E-06 000.6 297.7  12.7 0.035034 0.073280 0.021019 hargrave 2026-07-23 22:55:09 
AF1250 284.1 -26.9 284.1 -26.9 2.74E-06 000.7 297.6  12.5 0.033549 0.068910 0.032288 hargrave 2026-07-23 22:58:36 
AF1300 284.3 -27.1 284.3 -27.1 2.74E-06 000.6 297.8  12.7 0.032668 0.069542 0.020715 hargrave 2026-07-23 23:02:03 
