D6A- 441a unoriented drill core
    441  90.0  90.0  90.0   0.0  21.6
NRM    318.5 -32.6 318.5 -32.6 1.02E-06 001.0 314.0  39.1 0.022798 0.024951 0.023819 hargrave 2026-07-23 23:05:33 
AF  10 318.6 -32.6 318.6 -32.6 1.02E-06 001.0 314.0  39.2 0.021698 0.026152 0.023398 hargrave 2026-07-23 23:08:58 
AF  20 318.5 -32.7 318.5 -32.7 1.02E-06 001.0 314.1  39.1 0.021608 0.025712 0.023526 hargrave 2026-07-23 23:12:23 
AF  30 318.4 -32.9 318.4 -32.9 1.02E-06 001.0 314.2  38.9 0.022999 0.027090 0.023269 hargrave 2026-07-23 23:15:48 
AF  40 318.3 -33.1 318.3 -33.1 1.03E-06 001.0 314.4  38.7 0.023980 0.025570 0.023331 hargrave 2026-07-23 23:19:22 
AF  50 318.2 -33.3 318.2 -33.3 1.03E-06 001.0 314.6  38.6 0.022440 0.025389 0.023794 hargrave 2026-07-23 23:22:47 
AF  75 317.9 -33.6 317.9 -33.6 1.02E-06 001.0 314.7  38.2 0.021231 0.025823 0.023796 hargrave 2026-07-23 23:26:11 
AF 100 317.6 -34.1 317.6 -34.1 1.02E-06 001.0 315.1  37.7 0.021203 0.024158 0.023773 hargrave 2026-07-23 23:29:36 
AF 125 317.2 -34.6 317.2 -34.6 1.02E-06 000.9 315.5  37.2 0.020241 0.024666 0.023983 hargrave 2026-07-23 23:33:01 
AF 150 316.7 -35.3 316.7 -35.3 1.03E-06 000.9 315.9  36.5 0.019311 0.024619 0.024134 hargrave 2026-07-23 23:36:25 
AF 175 316.5 -36.0 316.5 -36.0 1.02E-06 001.0 316.6  36.0 0.020692 0.024386 0.023698 hargrave 2026-07-23 23:39:49 
AF 200 316.1 -36.7 316.1 -36.7 1.03E-06 000.9 317.1  35.3 0.019774 0.023574 0.023907 hargrave 2026-07-23 23:43:14 
AF 225 314.8 -37.6 314.8 -37.6 1.03E-06 001.0 317.3  33.9 0.021587 0.023631 0.023904 hargrave 2026-07-23 23:46:40 
AF 250 313.7 -38.1 313.7 -38.1 1.04E-06 001.0 317.3  33.0 0.022190 0.025046 0.023733 hargrave 2026-07-23 23:50:05 
AF 275 313.0 -38.7 313.0 -38.7 1.04E-06 001.0 317.6  32.2 0.022500 0.023955 0.024129 hargrave 2026-07-23 23:53:29 
AF 300 311.3 -39.6 311.3 -39.6 1.04E-06 001.0 317.8  30.6 0.022486 0.022333 0.024174 hargrave 2026-07-23 23:56:54 
AF 350 309.0 -40.3 309.0 -40.3 1.05E-06 000.8 317.5  28.7 0.021696 0.022679 0.015465 hargrave 2026-07-24 00:00:19 
AF 400 305.2 -42.0 305.2 -42.0 1.08E-06 000.8 317.8  25.3 0.021612 0.022628 0.016454 hargrave 2026-07-24 00:03:44 
AF 450 304.9 -43.7 304.9 -43.7 1.10E-06 000.8 319.3  24.4 0.022440 0.020805 0.016876 hargrave 2026-07-24 00:07:10 
AF 500 302.8 -45.2 302.8 -45.2 1.11E-06 001.5 320.2  22.4 0.024730 0.060162 0.016304 hargrave 2026-07-24 00:10:36 
AF 550 299.7 -47.4 299.7 -47.4 1.13E-06 001.4 321.3  19.6 0.023805 0.059929 0.015002 hargrave 2026-07-24 00:14:03 
AF 600 294.9 -48.2 294.9 -48.2 1.12E-06 001.4 321.0  16.3 0.023765 0.059138 0.014988 hargrave 2026-07-24 00:17:29 
AF 650 290.4 -49.6 290.4 -49.6 1.16E-06 001.4 321.4  13.1 0.025410 0.058923 0.015698 hargrave 2026-07-24 00:20:56 
AF 700 286.5 -49.0 286.5 -49.0 1.15E-06 001.4 320.2  10.7 0.027793 0.057344 0.017413 hargrave 2026-07-24 00:24:24 
AF 750 285.4 -51.7 285.4 -51.7 1.14E-06 001.5 322.8  09.5 0.027854 0.060001 0.016159 hargrave 2026-07-24 00:27:51 
AF 800 284.4 -53.0 284.4 -53.0 1.13E-06 001.5 323.8  08.6 0.026465 0.062008 0.014832 hargrave 2026-07-24 00:31:18 
AF 850 283.1 -52.8 283.1 -52.8 1.14E-06 001.6 323.5  07.9 0.030845 0.064148 0.016951 hargrave 2026-07-24 00:34:46 
AF 900 283.6 -49.8 283.6 -49.8 1.17E-06 001.4 320.6  08.7 0.035549 0.062672 0.017566 hargrave 2026-07-24 00:38:13 
AF 950 280.7 -49.2 280.7 -49.2 1.23E-06 001.4 319.7  06.9 0.048304 0.042092 0.018179 hargrave 2026-07-24 00:41:41 
AF1000 277.0 -49.1 277.0 -49.1 1.28E-06 001.4 319.4  04.6 0.051928 0.047827 0.019351 hargrave 2026-07-24 00:45:09 
AF1050 276.8 -50.6 276.8 -50.6 1.30E-06 001.4 320.8  04.3 0.056419 0.046254 0.019952 hargrave 2026-07-24 00:48:36 
AF1100 274.2 -48.1 274.2 -48.1 1.23E-06 001.4 318.2  02.8 0.054114 0.050418 0.019369 hargrave 2026-07-24 00:52:05 
AF1150 271.5 -52.2 271.5 -52.2 1.20E-06 001.5 322.2  00.9 0.039474 0.055461 0.018619 hargrave 2026-07-24 00:55:33 
AF1200 270.9 -50.4 270.9 -50.4 1.22E-06 001.4 320.4  00.6 0.040231 0.060590 0.017829 hargrave 2026-07-24 00:59:01 
AF1250 271.0 -48.8 271.0 -48.8 1.21E-06 001.3 318.8  00.6 0.050147 0.043148 0.014146 hargrave 2026-07-24 01:02:30 
AF1300 279.2 -51.0 279.2 -51.0 1.31E-06 001.1 321.4  05.8 0.046116 0.042829 0.016170 hargrave 2026-07-24 01:05:59 
