D6A- 2123a unoriented drill core
   2123  90.0  90.0  90.0   0.0  27.9
NRM    087.7  80.9 087.7  80.9 2.34E-04 000.3 170.9  00.4 1.628098 1.462393 3.263320 hargrave 2026-07-23 14:37:03 
AF  10 081.8  79.9 081.8  79.9 2.28E-04 000.3 170.0  01.4 1.459500 1.339074 3.041865 hargrave 2026-07-23 14:40:33 
AF  20 081.3  79.8 081.3  79.8 2.09E-04 000.3 169.9  01.5 1.657347 1.635205 3.044242 hargrave 2026-07-23 14:43:59 
AF  30 079.1  80.1 079.1  80.1 1.88E-04 000.3 170.3  01.9 1.075094 1.437402 2.421905 hargrave 2026-07-23 14:47:26 
AF  40 078.5  80.2 078.5  80.2 1.67E-04 000.3 170.4  02.0 0.875125 1.351852 2.113352 hargrave 2026-07-23 14:50:52 
AF  50 079.3  80.4 079.3  80.4 1.50E-04 000.3 170.5  01.8 0.819295 1.310863 1.890800 hargrave 2026-07-23 14:54:18 
AF  75 079.8  81.4 079.8  81.4 1.11E-04 000.3 171.5  01.5 0.675902 0.977906 1.366844 hargrave 2026-07-23 14:57:44 
AF 100 070.9  81.9 070.9  81.9 8.49E-05 000.3 172.3  02.7 0.582385 0.830730 1.012416 hargrave 2026-07-23 15:01:10 
AF 125 060.9  83.7 060.9  83.7 6.45E-05 000.3 174.5  03.1 0.474871 0.623956 0.745360 hargrave 2026-07-23 15:04:37 
AF 150 040.5  83.1 040.5  83.1 5.08E-05 000.3 175.5  05.2 0.481769 0.615995 0.532958 hargrave 2026-07-23 15:07:08 
AF 175 010.0  82.1 010.0  82.1 3.95E-05 000.4 178.6  07.8 0.423879 0.563686 0.391716 hargrave 2026-07-23 15:08:43 
AF 200 017.7  80.2 017.7  80.2 3.34E-05 000.4 177.0  09.3 0.416852 0.545024 0.410758 hargrave 2026-07-23 15:10:18 
AF 225 351.6  79.3 351.6  79.3 2.81E-05 000.5 181.6  10.6 0.468536 0.541457 0.234996 hargrave 2026-07-23 15:11:53 
AF 250 328.7  77.2 328.7  77.2 2.32E-05 000.5 186.7  10.9 0.396963 0.482391 0.175877 hargrave 2026-07-23 15:13:28 
AF 275 326.7  72.5 326.7  72.5 1.96E-05 000.5 189.8  14.6 0.286462 0.418520 0.169450 hargrave 2026-07-23 15:15:03 
AF 300 316.3  67.2 316.3  67.2 1.77E-05 000.4 196.2  16.3 0.278093 0.273235 0.146202 hargrave 2026-07-23 15:16:38 
AF 350 342.5  58.4 342.5  58.4 1.50E-05 000.7 190.5  30.0 0.357838 0.451179 0.083836 hargrave 2026-07-23 15:18:14 
AF 400 345.3  57.7 345.3  57.7 1.24E-05 000.9 189.1  31.1 0.393890 0.472253 0.139423 hargrave 2026-07-23 15:19:49 
AF 450 332.5  52.4 332.5  52.4 1.24E-05 000.8 199.6  32.8 0.387126 0.439133 0.110388 hargrave 2026-07-23 15:21:24 
AF 500 331.4  40.4 331.4  40.4 9.59E-06 001.1 209.4  42.0 0.375915 0.406824 0.048037 hargrave 2026-07-23 15:22:59 
AF 550 349.0  34.0 349.0  34.0 1.19E-05 000.9 195.7  54.5 0.361429 0.431866 0.039331 hargrave 2026-07-23 15:24:34 
AF 600 338.5  56.0 338.5  56.0 8.70E-06 001.6 193.9  31.4 0.472000 0.575048 0.117298 hargrave 2026-07-23 15:26:10 
AF 650 338.5  51.5 338.5  51.5 8.27E-06 001.5 196.2  35.4 0.469283 0.501592 0.157619 hargrave 2026-07-23 15:27:45 
AF 700 330.7  38.0 330.7  38.0 8.89E-06 001.0 212.0  43.4 0.281566 0.405316 0.072331 hargrave 2026-07-23 15:29:20 
AF 750 325.1  30.6 325.1  30.6 7.19E-06 001.4 224.1  45.0 0.316341 0.394978 0.145239 hargrave 2026-07-23 15:30:55 
AF 800 328.7  28.8 328.7  28.8 8.75E-06 001.3 223.4  48.5 0.304815 0.402793 0.274929 hargrave 2026-07-23 15:32:30 
AF 850 327.0  60.6 327.0  60.6 6.46E-06 001.2 197.1  24.4 0.282755 0.339918 0.097846 hargrave 2026-07-23 15:34:05 
AF 900 333.4  22.6 333.4  22.6 8.11E-06 001.3 227.1  55.7 0.333972 0.393020 0.217085 hargrave 2026-07-23 15:35:41 
AF 950 324.2  39.0 324.2  39.0 9.12E-06 000.9 215.8  39.1 0.272319 0.371001 0.117437 hargrave 2026-07-23 15:37:17 
AF1000 331.0  30.2 331.0  30.2 7.04E-06 001.1 219.8  49.1 0.211853 0.330882 0.100894 hargrave 2026-07-23 15:38:53 
AF1050 311.3  39.2 311.3  39.2 7.94E-06 001.1 222.6  30.8 0.221465 0.292547 0.235090 hargrave 2026-07-23 15:40:29 
AF1100 316.9  33.1 316.9  33.1 8.70E-06 001.1 226.3  37.7 0.282746 0.357573 0.265341 hargrave 2026-07-23 15:42:06 
AF1150 340.3  58.2 340.3  58.2 6.00E-06 001.2 191.8  29.7 0.271467 0.308276 0.064339 hargrave 2026-07-23 15:43:42 
AF1200 327.1  29.5 327.1  29.5 7.92E-06 001.3 223.8  46.9 0.381663 0.400629 0.101247 hargrave 2026-07-23 15:45:19 
AF1250 309.8  42.7 309.8  42.7 6.84E-06 001.3 219.8  28.1 0.406744 0.344815 0.110164 hargrave 2026-07-23 15:46:55 
AF1300 308.8  47.8 308.8  47.8 7.76E-06 000.7 215.3  24.9 0.196475 0.289995 0.126076 hargrave 2026-07-23 15:48:33 
