D6A- 2031a unoriented drill core
   2031  90.0   0.0  90.0   0.0  18.3
NRM    067.8  66.2 067.8  66.2 6.97E-05 000.5 067.8  66.2 0.707977 1.011460 0.296683 hargrave 2026-07-23 19:54:16 
AF  10 067.9  65.7 067.9  65.7 6.84E-05 000.5 067.9  65.7 0.698739 1.015611 0.330224 hargrave 2026-07-23 19:55:51 
AF  20 068.4  64.7 068.4  64.7 6.60E-05 000.5 068.4  64.7 0.708421 0.994447 0.328234 hargrave 2026-07-23 19:57:26 
AF  30 068.7  63.4 068.7  63.4 6.33E-05 000.5 068.7  63.4 0.686662 0.963024 0.321364 hargrave 2026-07-23 19:59:01 
AF  40 069.3  62.1 069.3  62.1 6.10E-05 000.5 069.3  62.1 0.679889 0.925021 0.316141 hargrave 2026-07-23 20:00:35 
AF  50 069.5  61.3 069.5  61.3 5.86E-05 000.7 069.5  61.3 0.665694 1.254790 0.310028 hargrave 2026-07-23 20:02:10 
AF  75 070.8  57.9 070.8  57.9 5.37E-05 000.6 070.8  57.9 0.648187 0.861027 0.291456 hargrave 2026-07-23 20:03:45 
AF 100 071.7  55.4 071.7  55.4 5.03E-05 000.6 071.7  55.4 0.633346 0.835579 0.281616 hargrave 2026-07-23 20:05:20 
AF 125 072.0  53.6 072.0  53.6 4.79E-05 000.6 072.0  53.6 0.622789 0.817473 0.263206 hargrave 2026-07-23 20:06:55 
AF 150 072.4  52.4 072.4  52.4 4.60E-05 000.6 072.4  52.4 0.608328 0.806913 0.246705 hargrave 2026-07-23 20:08:30 
AF 175 072.5  51.4 072.5  51.4 4.42E-05 000.6 072.5  51.4 0.603958 0.788148 0.232194 hargrave 2026-07-23 20:10:05 
AF 200 072.7  50.0 072.7  50.0 4.31E-05 000.6 072.7  50.0 0.585016 0.775131 0.221648 hargrave 2026-07-23 20:11:39 
AF 225 072.9  49.9 072.9  49.9 4.19E-05 000.6 072.9  49.9 0.568268 0.741680 0.214745 hargrave 2026-07-23 20:13:14 
AF 250 073.8  48.9 073.8  48.9 4.12E-05 000.6 073.8  48.9 0.571275 0.756082 0.212718 hargrave 2026-07-23 20:14:49 
AF 275 073.8  48.3 073.8  48.3 4.03E-05 000.6 073.8  48.3 0.569872 0.724656 0.204575 hargrave 2026-07-23 20:17:19 
AF 300 072.7  48.0 072.7  48.0 3.93E-05 000.6 072.7  48.0 0.551523 0.718987 0.208288 hargrave 2026-07-23 20:18:54 
AF 350 074.2  47.6 074.2  47.6 3.81E-05 000.6 074.2  47.6 0.524629 0.663961 0.184649 hargrave 2026-07-23 20:20:29 
AF 400 074.7  47.0 074.7  47.0 3.72E-05 000.6 074.7  47.0 0.536023 0.666879 0.180778 hargrave 2026-07-23 20:22:04 
AF 450 074.6  47.8 074.6  47.8 3.62E-05 000.6 074.6  47.8 0.523411 0.647084 0.163007 hargrave 2026-07-23 20:23:39 
AF 500 075.1  47.7 075.1  47.7 3.53E-05 000.6 075.1  47.7 0.503297 0.632287 0.143766 hargrave 2026-07-23 20:25:13 
AF 550 073.9  47.7 073.9  47.7 3.41E-05 000.6 073.9  47.7 0.494472 0.618161 0.126102 hargrave 2026-07-23 20:26:48 
AF 600 074.4  48.5 074.4  48.5 3.16E-05 000.6 074.4  48.5 0.448877 0.616701 0.133047 hargrave 2026-07-23 20:28:23 
AF 650 074.7  48.1 074.7  48.1 3.05E-05 000.6 074.7  48.1 0.453973 0.574267 0.139334 hargrave 2026-07-23 20:29:58 
AF 700 075.3  50.1 075.3  50.1 2.86E-05 000.6 075.3  50.1 0.419180 0.553846 0.137860 hargrave 2026-07-23 20:31:33 
AF 750 074.1  49.6 074.1  49.6 2.68E-05 000.6 074.1  49.6 0.402327 0.528202 0.112512 hargrave 2026-07-23 20:33:08 
AF 800 074.8  49.4 074.8  49.4 2.44E-05 000.7 074.8  49.4 0.366760 0.488322 0.095924 hargrave 2026-07-23 20:34:43 
AF 850 074.9  48.7 074.9  48.7 2.33E-05 000.6 074.9  48.7 0.351281 0.456596 0.104603 hargrave 2026-07-23 20:36:18 
AF 900 074.3  48.6 074.3  48.6 2.09E-05 000.7 074.3  48.6 0.328628 0.396813 0.088717 hargrave 2026-07-23 20:37:53 
AF 950 074.9  49.4 074.9  49.4 1.92E-05 000.6 074.9  49.4 0.291695 0.366188 0.066909 hargrave 2026-07-23 20:40:24 
AF1000 075.2  50.0 075.2  50.0 1.81E-05 000.7 075.2  50.0 0.281838 0.347115 0.065967 hargrave 2026-07-23 20:42:00 
AF1050 074.5  50.7 074.5  50.7 1.66E-05 000.7 074.5  50.7 0.272533 0.333671 0.059702 hargrave 2026-07-23 20:43:36 
AF1100 073.7  49.0 073.7  49.0 1.46E-05 000.6 073.7  49.0 0.207133 0.270144 0.056434 hargrave 2026-07-23 20:47:03 
AF1150 071.0  48.9 071.0  48.9 1.29E-05 000.6 071.0  48.9 0.173048 0.215562 0.059607 hargrave 2026-07-23 20:50:30 
AF1200 079.1  52.6 079.1  52.6 1.18E-05 000.7 079.1  52.6 0.198325 0.245474 0.013934 hargrave 2026-07-23 20:53:02 
AF1250 071.4  50.5 071.4  50.5 1.08E-05 000.7 071.4  50.5 0.169858 0.246427 0.031512 hargrave 2026-07-23 20:54:38 
AF1300 072.6  45.3 072.6  45.3 9.55E-06 000.7 072.6  45.3 0.157262 0.201634 0.022542 hargrave 2026-07-23 20:58:06 
