D6A- 2095a unoriented drill core
   2095  90.0  90.0  90.0   0.0  28.7
NRM    042.0  81.6 042.0  81.6 8.13E-04 000.4 174.4  06.2 3.719080 10.66356 12.20366 hargrave 2026-07-23 15:50:14 
AF  10 027.9  81.3 027.9  81.3 7.41E-04 000.4 175.9  07.6 2.030651 9.094456 10.99380 hargrave 2026-07-23 15:51:49 
AF  20 008.3  81.4 008.3  81.4 5.93E-04 000.4 178.8  08.5 1.243835 7.130640 8.784777 hargrave 2026-07-23 15:55:16 
AF  30 348.1  80.6 348.1  80.6 4.69E-04 000.4 182.0  09.2 0.564787 5.440623 6.947973 hargrave 2026-07-23 15:58:43 
AF  40 332.1  78.3 332.1  78.3 3.69E-04 000.4 185.5  10.3 0.338984 4.280155 5.520406 hargrave 2026-07-23 16:02:10 
AF  50 321.6  75.7 321.6  75.7 3.10E-04 000.4 189.0  11.2 0.332945 3.479180 4.596844 hargrave 2026-07-23 16:05:38 
AF  75 309.5  68.4 309.5  68.4 2.17E-04 000.4 197.0  13.5 0.544714 2.385863 3.414758 hargrave 2026-07-23 16:09:04 
AF 100 304.8  63.7 304.8  63.7 1.63E-04 000.4 202.1  14.6 0.478337 1.562137 2.611024 hargrave 2026-07-23 16:12:30 
AF 125 300.7  59.4 300.7  59.4 1.33E-04 000.3 206.9  15.0 0.580822 1.316730 1.970843 hargrave 2026-07-23 16:15:56 
AF 150 299.3  55.1 299.3  55.1 1.16E-04 000.3 211.3  16.3 0.571194 1.137587 1.598269 hargrave 2026-07-23 16:19:22 
AF 175 298.0  53.5 298.0  53.5 1.04E-04 000.3 213.2  16.2 0.465517 0.896974 1.346698 hargrave 2026-07-23 16:22:49 
AF 200 296.4  51.3 296.4  51.3 9.57E-05 000.3 215.7  16.1 0.503789 0.898793 1.158634 hargrave 2026-07-23 16:26:15 
AF 225 291.8  48.9 291.8  48.9 8.64E-05 000.3 219.0  14.1 0.446596 0.669572 1.110892 hargrave 2026-07-23 16:29:40 
AF 250 296.8  47.5 296.8  47.5 8.61E-05 000.3 219.3  17.8 0.631023 0.874838 1.084995 hargrave 2026-07-23 16:33:05 
AF 275 294.5  45.2 294.5  45.2 8.32E-05 000.3 222.1  17.0 0.514969 0.745164 0.914468 hargrave 2026-07-23 16:36:30 
AF 300 296.1  45.3 296.1  45.3 7.60E-05 000.3 221.6  18.1 0.454437 0.559266 0.810268 hargrave 2026-07-23 16:39:55 
AF 350 295.6  42.3 295.6  42.3 7.38E-05 000.3 224.7  18.6 0.465194 0.566425 1.013342 hargrave 2026-07-23 16:43:21 
AF 400 295.6  47.5 295.6  47.5 7.07E-05 000.3 219.6  17.0 0.296087 0.624855 0.930668 hargrave 2026-07-23 16:46:46 
AF 450 292.2  42.0 292.2  42.0 6.51E-05 000.2 225.8  16.3 0.281046 0.477173 0.666889 hargrave 2026-07-23 16:50:11 
AF 500 293.4  44.7 293.4  44.7 6.12E-05 000.2 222.9  16.4 0.210472 0.504279 0.450956 hargrave 2026-07-23 16:53:37 
AF 550 296.5  43.4 296.5  43.4 6.09E-05 000.3 223.4  18.9 0.411795 0.613004 0.662291 hargrave 2026-07-23 16:57:02 
AF 600 293.6  43.3 293.6  43.3 6.15E-05 000.3 224.2  17.0 0.297253 0.582473 0.704020 hargrave 2026-07-23 17:00:28 
AF 650 294.8  42.9 294.8  42.9 5.68E-05 000.3 224.3  17.9 0.203035 0.559663 0.696704 hargrave 2026-07-23 17:03:53 
AF 700 296.5  41.4 296.5  41.4 5.27E-05 000.2 225.4  19.6 0.203382 0.370736 0.391056 hargrave 2026-07-23 17:07:18 
AF 750 288.5  41.1 288.5  41.1 5.05E-05 000.3 227.4  13.8 0.354668 0.348980 0.621078 hargrave 2026-07-23 17:10:43 
AF 800 294.7  45.8 294.7  45.8 5.09E-05 000.4 221.4  16.9 0.257315 0.637510 0.844143 hargrave 2026-07-23 17:14:09 
AF 850 293.9  47.1 293.9  47.1 4.65E-05 000.3 220.4  16.0 0.251635 0.445811 0.628279 hargrave 2026-07-23 17:16:39 
AF 900 289.6  41.3 289.6  41.3 4.36E-05 000.2 227.0  14.6 0.220031 0.427245 0.436165 hargrave 2026-07-23 17:18:14 
AF 950 295.2  40.8 295.2  40.8 4.23E-05 000.3 226.4  18.8 0.176632 0.450523 0.503322 hargrave 2026-07-23 17:19:48 
AF1000 295.6  36.5 295.6  36.5 3.74E-05 000.3 230.6  20.3 0.295136 0.406917 0.386868 hargrave 2026-07-23 17:21:24 
AF1050 289.8  41.9 289.8  41.9 3.90E-05 000.3 226.3  14.6 0.274358 0.406982 0.373920 hargrave 2026-07-23 17:22:59 
AF1100 296.3  47.2 296.3  47.2 3.82E-05 000.3 219.7  17.5 0.380559 0.435038 0.451189 hargrave 2026-07-23 17:24:35 
AF1150 297.9  46.9 297.9  46.9 3.73E-05 000.4 219.6  18.7 0.364204 0.607000 0.582247 hargrave 2026-07-23 17:26:11 
AF1200 298.5  43.1 298.5  43.1 3.58E-05 000.3 223.2  20.4 0.186053 0.452748 0.332025 hargrave 2026-07-23 17:27:47 
AF1250 290.3  41.6 290.3  41.6 3.15E-05 000.3 226.5  15.0 0.222997 0.352273 0.278204 hargrave 2026-07-23 17:29:24 
AF1300 293.2  45.0 293.2  45.0 3.46E-05 000.2 222.6  16.2 0.208565 0.390619 0.349612 hargrave 2026-07-23 17:31:01 
