D6A- 420a unoriented drill core
    420  90.0  90.0  90.0   0.0  28.9
NRM    322.6  35.0 322.6  35.0 6.42E-05 000.5 221.0  40.6 0.839546 1.103842 1.016581 hargrave 2026-07-24 01:09:32 
AF  10 322.6  34.9 322.6  34.9 6.41E-05 000.5 221.1  40.7 0.872511 1.070749 1.011366 hargrave 2026-07-24 01:12:59 
AF  20 322.6  34.6 322.6  34.6 6.38E-05 000.5 221.4  40.9 0.870099 1.066602 1.008550 hargrave 2026-07-24 01:16:26 
AF  30 322.7  34.4 322.7  34.4 6.36E-05 000.5 221.6  41.0 0.903106 1.065808 1.009208 hargrave 2026-07-24 01:19:52 
AF  40 322.7  34.3 322.7  34.3 6.35E-05 000.5 221.6  41.1 0.907750 1.104697 1.008735 hargrave 2026-07-24 01:23:19 
AF  50 322.8  34.3 322.8  34.3 6.36E-05 000.5 221.6  41.1 0.911067 1.083571 1.052502 hargrave 2026-07-24 01:26:46 
AF  75 322.8  34.2 322.8  34.2 6.36E-05 000.5 221.6  41.2 0.922310 1.102667 1.004905 hargrave 2026-07-24 01:30:13 
AF 100 322.9  34.1 322.9  34.1 6.36E-05 000.5 221.7  41.3 0.928230 1.108444 1.010521 hargrave 2026-07-24 01:33:40 
AF 125 323.0  34.1 323.0  34.1 6.35E-05 000.5 221.7  41.4 0.919460 1.109113 1.015805 hargrave 2026-07-24 01:37:07 
AF 150 323.1  34.0 323.1  34.0 6.33E-05 000.5 221.7  41.5 0.916997 1.095588 1.021789 hargrave 2026-07-24 01:40:33 
AF 175 323.2  33.9 323.2  33.9 6.31E-05 000.5 221.8  41.6 0.924166 1.095676 1.023425 hargrave 2026-07-24 01:44:00 
AF 200 323.2  33.8 323.2  33.8 6.27E-05 000.6 221.8  41.7 0.938724 1.071495 1.039654 hargrave 2026-07-24 01:47:27 
AF 225 323.3  33.7 323.3  33.7 6.24E-05 000.6 221.8  41.8 0.922383 1.106761 1.036526 hargrave 2026-07-24 01:50:53 
AF 250 323.4  33.7 323.4  33.7 6.19E-05 000.6 221.8  41.9 0.917410 1.082554 1.010150 hargrave 2026-07-24 01:54:19 
AF 275 323.5  33.7 323.5  33.7 6.15E-05 000.6 221.8  42.0 0.923869 1.044573 1.018014 hargrave 2026-07-24 01:57:46 
AF 300 323.6  33.7 323.6  33.7 6.09E-05 000.5 221.7  42.1 0.903950 1.061538 0.983973 hargrave 2026-07-24 02:01:13 
AF 350 323.7  33.6 323.7  33.6 5.97E-05 000.6 221.7  42.2 0.879315 1.063731 0.984496 hargrave 2026-07-24 02:04:39 
AF 400 323.9  33.6 323.9  33.6 5.84E-05 000.6 221.6  42.3 0.879644 1.011736 0.956993 hargrave 2026-07-24 02:07:08 
AF 450 324.0  33.5 324.0  33.5 5.69E-05 000.6 221.6  42.4 0.841433 1.038570 0.925562 hargrave 2026-07-24 02:08:43 
AF 500 324.4  33.5 324.4  33.5 5.53E-05 000.6 221.3  42.7 0.829070 1.046119 0.898701 hargrave 2026-07-24 02:10:17 
AF 550 324.6  33.4 324.6  33.4 5.38E-05 000.6 221.3  42.9 0.809441 1.009871 0.869469 hargrave 2026-07-24 02:11:51 
AF 600 324.8  33.4 324.8  33.4 5.23E-05 000.6 221.2  43.0 0.798835 0.976535 0.841937 hargrave 2026-07-24 02:13:25 
AF 650 324.5  33.2 324.5  33.2 5.09E-05 000.6 221.6  43.0 0.767434 0.970007 0.811741 hargrave 2026-07-24 02:15:00 
AF 700 324.9  33.1 324.9  33.1 4.92E-05 000.6 221.4  43.2 0.749326 0.929935 0.783517 hargrave 2026-07-24 02:16:34 
AF 750 325.7  32.9 325.7  32.9 4.71E-05 000.6 221.1  43.9 0.728112 0.911743 0.755972 hargrave 2026-07-24 02:18:08 
AF 800 325.3  32.7 325.3  32.7 4.58E-05 000.6 221.6  43.8 0.689368 0.850120 0.729350 hargrave 2026-07-24 02:19:43 
AF 850 325.6  32.5 325.6  32.5 4.39E-05 000.6 221.6  44.1 0.668328 0.807561 0.696595 hargrave 2026-07-24 02:21:18 
AF 900 325.9  32.3 325.9  32.3 4.20E-05 000.6 221.6  44.5 0.640840 0.802275 0.663365 hargrave 2026-07-24 02:22:53 
AF 950 326.3  32.1 326.3  32.1 3.98E-05 000.6 221.4  44.8 0.627009 0.924657 0.631101 hargrave 2026-07-24 02:24:29 
AF1000 326.4  32.1 326.4  32.1 3.79E-05 000.6 221.4  44.9 0.581107 0.696406 0.595760 hargrave 2026-07-24 02:26:05 
AF1050 326.8  32.1 326.8  32.1 3.59E-05 000.6 221.1  45.2 0.564415 0.670025 0.560816 hargrave 2026-07-24 02:27:41 
AF1100 327.2  31.8 327.2  31.8 3.37E-05 000.6 221.1  45.6 0.526797 0.627880 0.525883 hargrave 2026-07-24 02:29:16 
AF1150 328.0  31.8 328.0  31.8 3.14E-05 000.6 220.6  46.1 0.518230 0.565944 0.484047 hargrave 2026-07-24 02:30:52 
AF1200 327.8  31.6 327.8  31.6 2.96E-05 000.6 221.0  46.1 0.464828 0.549953 0.450692 hargrave 2026-07-24 02:32:29 
AF1250 327.6  31.6 327.6  31.6 2.75E-05 000.6 221.0  45.9 0.452356 0.504758 0.414392 hargrave 2026-07-24 02:34:06 
AF1300 328.5  31.2 328.5  31.2 2.53E-05 000.6 220.8  46.8 0.437282 0.493536 0.378894 hargrave 2026-07-24 02:35:43 
