D6A- 397a unoriented drill core
    397  90.0  90.0  90.0   0.0  24.5
NRM    218.6 -59.8 218.6 -59.8 1.76E-06 000.3 340.0 -23.2 0.051042 0.023776 0.022066 hargrave 2026-07-24 02:37:26 
AF  10 219.2 -60.2 219.2 -60.2 1.77E-06 000.8 340.1 -22.6 0.064927 0.047181 0.020309 hargrave 2026-07-24 02:40:53 
AF  20 219.3 -60.2 219.3 -60.2 1.77E-06 000.8 340.0 -22.6 0.064776 0.047141 0.020266 hargrave 2026-07-24 02:44:19 
AF  30 219.3 -60.2 219.3 -60.2 1.77E-06 000.8 340.0 -22.6 0.064914 0.047129 0.020117 hargrave 2026-07-24 02:47:45 
AF  40 219.3 -60.2 219.3 -60.2 1.77E-06 000.8 340.0 -22.6 0.064055 0.046067 0.020241 hargrave 2026-07-24 02:51:12 
AF  50 219.3 -60.2 219.3 -60.2 1.77E-06 000.8 340.0 -22.6 0.065655 0.048242 0.020149 hargrave 2026-07-24 02:54:38 
AF  75 219.3 -60.2 219.3 -60.2 1.77E-06 000.8 340.0 -22.7 0.063888 0.045049 0.020212 hargrave 2026-07-24 02:58:05 
AF 100 219.3 -60.1 219.3 -60.1 1.77E-06 000.8 340.0 -22.7 0.064675 0.047203 0.020112 hargrave 2026-07-24 03:01:31 
AF 125 219.2 -60.2 219.2 -60.2 1.78E-06 000.8 340.1 -22.7 0.065347 0.047462 0.020009 hargrave 2026-07-24 03:04:57 
AF 150 219.1 -60.1 219.1 -60.1 1.78E-06 000.8 340.1 -22.7 0.064595 0.047808 0.019931 hargrave 2026-07-24 03:08:24 
AF 175 218.9 -60.2 218.9 -60.2 1.78E-06 000.8 340.2 -22.8 0.063808 0.046758 0.019930 hargrave 2026-07-24 03:11:50 
AF 200 218.8 -60.1 218.8 -60.1 1.78E-06 000.8 340.2 -22.9 0.064854 0.048264 0.019727 hargrave 2026-07-24 03:15:17 
AF 225 218.6 -60.1 218.6 -60.1 1.78E-06 000.8 340.3 -22.9 0.064203 0.045581 0.019910 hargrave 2026-07-24 03:18:44 
AF 250 218.4 -60.1 218.4 -60.1 1.78E-06 000.8 340.3 -23.0 0.065342 0.048705 0.019900 hargrave 2026-07-24 03:22:10 
AF 275 218.4 -60.1 218.4 -60.1 1.79E-06 000.8 340.3 -23.0 0.065507 0.047660 0.019754 hargrave 2026-07-24 03:25:36 
AF 300 218.2 -60.0 218.2 -60.0 1.79E-06 000.8 340.3 -23.1 0.065219 0.048352 0.019565 hargrave 2026-07-24 03:29:03 
AF 350 217.6 -60.1 217.6 -60.1 1.79E-06 000.8 340.6 -23.3 0.064674 0.047916 0.019610 hargrave 2026-07-24 03:32:29 
AF 400 217.4 -60.0 217.4 -60.0 1.80E-06 000.8 340.6 -23.4 0.064616 0.046224 0.019509 hargrave 2026-07-24 03:35:56 
AF 450 216.9 -59.8 216.9 -59.8 1.80E-06 000.8 340.8 -23.7 0.065560 0.049166 0.019430 hargrave 2026-07-24 03:39:22 
AF 500 216.3 -59.8 216.3 -59.8 1.80E-06 000.8 341.0 -24.0 0.065115 0.046566 0.019339 hargrave 2026-07-24 03:42:49 
AF 550 216.4 -59.7 216.4 -59.7 1.81E-06 000.8 340.9 -24.0 0.066218 0.048769 0.019366 hargrave 2026-07-24 03:46:15 
AF 600 216.0 -59.6 216.0 -59.6 1.80E-06 000.8 341.0 -24.2 0.065815 0.047236 0.019469 hargrave 2026-07-24 03:49:42 
AF 650 215.9 -59.4 215.9 -59.4 1.80E-06 000.8 340.9 -24.4 0.066389 0.047095 0.019225 hargrave 2026-07-24 03:53:08 
AF 700 215.4 -59.4 215.4 -59.4 1.80E-06 000.8 341.1 -24.5 0.066883 0.047412 0.019259 hargrave 2026-07-24 03:56:35 
AF 750 214.8 -59.4 214.8 -59.4 1.81E-06 000.8 341.3 -24.7 0.065709 0.047136 0.019240 hargrave 2026-07-24 04:00:01 
AF 800 214.5 -59.2 214.5 -59.2 1.81E-06 000.8 341.4 -25.0 0.066806 0.049234 0.019176 hargrave 2026-07-24 04:03:28 
AF 850 214.2 -59.0 214.2 -59.0 1.82E-06 000.8 341.3 -25.2 0.067686 0.049310 0.019130 hargrave 2026-07-24 04:06:55 
AF 900 214.0 -59.3 214.0 -59.3 1.81E-06 000.8 341.7 -25.0 0.067435 0.049481 0.019149 hargrave 2026-07-24 04:10:21 
AF 950 213.7 -59.0 213.7 -59.0 1.81E-06 000.8 341.6 -25.3 0.067690 0.046130 0.018933 hargrave 2026-07-24 04:13:48 
AF1000 214.3 -58.5 214.3 -58.5 1.82E-06 000.8 341.0 -25.6 0.066933 0.047645 0.018729 hargrave 2026-07-24 04:17:16 
AF1050 213.1 -58.8 213.1 -58.8 1.83E-06 000.8 341.7 -25.7 0.066468 0.049385 0.018624 hargrave 2026-07-24 04:20:42 
AF1100 213.0 -58.9 213.0 -58.9 1.83E-06 000.8 341.8 -25.7 0.066207 0.049631 0.017740 hargrave 2026-07-24 04:24:10 
AF1150 212.5 -58.7 212.5 -58.7 1.84E-06 000.8 341.9 -26.0 0.067237 0.049069 0.018090 hargrave 2026-07-24 04:27:38 
AF1200 212.5 -57.9 212.5 -57.9 1.83E-06 000.8 341.4 -26.6 0.068754 0.047738 0.018484 hargrave 2026-07-24 04:31:06 
AF1250 211.6 -57.7 211.6 -57.7 1.83E-06 000.8 341.7 -27.0 0.071346 0.049437 0.017130 hargrave 2026-07-24 04:34:35 
AF1300 211.4 -57.6 211.4 -57.6 1.84E-06 000.8 341.7 -27.2 0.070133 0.050867 0.018519 hargrave 2026-07-24 04:38:04 
